-55.27673006967589, 8, 8, 0
-57.137557451877825, 8, 16, 1
-71.472672768422, 9, 25, 2
-69.6559278935893, 9, 34, 3
-71.081229753566, 9, 43, 4
-76.2253170458689, 9, 52, 5
-56.36152120178572, 9, 61, 6
-76.59496041074881, 10, 71, 7
-82.13985517205629, 12, 83, 8
-82.90769119910053, 9, 92, 9
-74.05386998283134, 10, 102, 10
-66.26881225296636, 10, 112, 11
-53.73560301250684, 9, 121, 12
-48.42872365383862, 8, 129, 13
-68.49805016657406, 9, 138, 14
-85.43896703565423, 12, 150, 15
-58.71535563243157, 7, 157, 16
-65.33929464324636, 9, 166, 17
-52.473295342115165, 8, 174, 18
-68.41178597498363, 10, 184, 19
-62.27942819876475, 9, 193, 20
-58.34711803942497, 7, 200, 21
-61.93984696401216, 8, 208, 22
-46.983026887295054, 5, 213, 23
-49.031478825553236, 4, 217, 24
-62.56709706703802, 4, 221, 25
-62.1203838698419, 4, 225, 26
-87.01646200525211, 4, 229, 27
-77.09990753439534, 4, 233, 28
-81.84474503693892, 4, 237, 29
-45.78834330764991, 3, 240, 30
-91.4199414914399, 4, 244, 31
-86.23950318617268, 4, 248, 32
-93.19930788519606, 4, 252, 33
-72.34995686470675, 4, 256, 34
-68.68641367382367, 4, 260, 35
-62.25552352977239, 4, 264, 36
-52.48356781011907, 4, 268, 37
-72.33691550087897, 5, 273, 38
-67.57244580514218, 6, 279, 39
-69.23727423185817, 7, 286, 40
-86.09908644124701, 10, 296, 41
-51.35983997769806, 7, 303, 42
-65.01938612713552, 10, 313, 43
-48.99425880058779, 8, 321, 44
-53.27241636090669, 8, 329, 45
-75.20379981561277, 8, 337, 46
-80.29255106562715, 9, 346, 47
-79.63378970325877, 9, 355, 48
-78.49905759843374, 11, 366, 49
-78.7682524321756, 8, 374, 50
-56.13832126161661, 9, 383, 51
-59.270118158789344, 10, 393, 52
-52.8920582111985, 12, 405, 53
-72.00164541022346, 9, 414, 54
-47.68114913812923, 11, 425, 55
-47.224447257927125, 13, 438, 56
-42.709713180958815, 10, 448, 57
-67.33508906861388, 11, 459, 58
-71.05139338117752, 16, 475, 59
-76.12044680234035, 13, 488, 60
-82.53723242675683, 15, 503, 61
-44.32780466333966, 9, 512, 62
-78.69195946765934, 15, 527, 63
-60.26496279648583, 11, 538, 64
-46.14283746493342, 18, 556, 65
-52.38692712639072, 10, 566, 66
-53.8458263266449, 10, 576, 67
-90.38463895583128, 18, 594, 68
-67.43391863115299, 13, 607, 69
-41.86715797822849, 11, 618, 70
-94.58109143464341, 19, 637, 71
-55.6697062246414, 12, 649, 72
-57.92432528501074, 7, 656, 73
-51.20496151050901, 12, 668, 74
-39.57118452711249, 12, 680, 75
-58.01885539890428, 14, 694, 76
-83.57717599513876, 19, 713, 77
-53.964326515218914, 11, 724, 78
-50.21890144830728, 11, 735, 79
-132.2354059478333, 24, 759, 80
-56.97911950319501, 10, 769, 81
-46.40696903865589, 13, 782, 82
-46.84082022755071, 13, 795, 83
-49.9693705384211, 12, 807, 84
-44.20293180795696, 10, 817, 85
-85.26142032059276, 20, 837, 86
-47.42013091575188, 11, 848, 87
-45.317104857090484, 13, 861, 88
-47.40720199913916, 15, 876, 89
-57.98835532947088, 25, 901, 90
-51.82649663538761, 16, 917, 91
-56.25513449594315, 12, 929, 92
-63.73364899086823, 17, 946, 93
-37.85307975391959, 10, 956, 94
-68.03189109742164, 13, 969, 95
-56.627928007100294, 19, 988, 96
-51.48061341820096, 14, 1002, 97
-66.79200744179603, 14, 1016, 98
-46.42989446720421, 12, 1028, 99
-60.201794496686674, 24, 1052, 100
-52.86647333373125, 12, 1064, 101
-47.00673429149816, 11, 1075, 102
-40.87991790538844, 11, 1086, 103
-41.86595496672389, 10, 1096, 104
-62.24581182686315, 18, 1114, 105
-44.72275870488836, 11, 1125, 106
-87.41592861018532, 33, 1158, 107
-44.80283002615877, 12, 1170, 108
-47.082047026725604, 11, 1181, 109
-63.52730405895407, 13, 1194, 110
-56.095860380356726, 21, 1215, 111
-78.83539393806885, 14, 1229, 112
-51.8880695064977, 16, 1245, 113
-62.872906736472984, 12, 1257, 114
-53.08421636997096, 12, 1269, 115
-57.46653154556924, 14, 1283, 116
-60.577215842960186, 11, 1294, 117
-56.4463731259994, 20, 1314, 118
-61.88835178512363, 19, 1333, 119
-57.5907822179812, 11, 1344, 120
-61.76071887054391, 16, 1360, 121
-64.6762884745877, 17, 1377, 122
-47.130469769402765, 22, 1399, 123
-60.348218870991275, 11, 1410, 124
-49.738882192453175, 13, 1423, 125
-50.23440829385244, 11, 1434, 126
-65.17810554517851, 14, 1448, 127
-46.95593545117276, 11, 1459, 128
-59.18462565825244, 13, 1472, 129
-66.87946889946502, 19, 1491, 130
-51.01521520203299, 10, 1501, 131
-56.667466100368244, 17, 1518, 132
-67.32580349675821, 12, 1530, 133
-68.44874105529186, 13, 1543, 134
-68.95915721056248, 11, 1554, 135
-54.25204848445787, 12, 1566, 136
-72.89845780034987, 16, 1582, 137
-66.78333287592366, 11, 1593, 138
-50.90396986525022, 12, 1605, 139
-61.27297008435143, 15, 1620, 140
-56.85261254052193, 18, 1638, 141
-61.350129316969344, 15, 1653, 142
-77.22311721817007, 16, 1669, 143
-81.6307855352742, 15, 1684, 144
-54.522697776806694, 22, 1706, 145
-56.75971413264037, 10, 1716, 146
-86.57494095134894, 17, 1733, 147
-76.04093439787697, 19, 1752, 148
-76.32965605993242, 15, 1767, 149
-61.9929966282168, 16, 1783, 150
-64.01664015509773, 12, 1795, 151
-67.03140868161995, 11, 1806, 152
-99.39354846940873, 27, 1833, 153
-62.90261760909608, 10, 1843, 154
-75.11691596381347, 23, 1866, 155
-64.82738431103449, 15, 1881, 156
-73.93815690112369, 16, 1897, 157
-81.91368133961802, 13, 1910, 158
-81.57364783537972, 15, 1925, 159
-150.57268543749672, 31, 1956, 160
-70.295021644639, 14, 1970, 161
-68.91983732606604, 10, 1980, 162
-93.70473388701186, 39, 2019, 163
-77.02896815735862, 15, 2034, 164
-56.61760263753358, 20, 2054, 165
-73.68488834190316, 21, 2075, 166
-54.2342863587789, 11, 2086, 167
-62.804716565095475, 16, 2102, 168
-93.55989608591457, 29, 2131, 169
-60.332619405402, 15, 2146, 170
-52.57690722352322, 12, 2158, 171
-76.61013663031248, 17, 2175, 172
-62.288076312453384, 15, 2190, 173
-77.09173435647735, 28, 2218, 174
-58.65807833460785, 18, 2236, 175
-68.85266166760275, 25, 2261, 176
-66.88145586077994, 21, 2282, 177
-109.68056728049866, 32, 2314, 178
-104.24280764878667, 19, 2333, 179
-87.31117577100704, 28, 2361, 180
-107.1556740900563, 22, 2383, 181
-86.22325943877186, 26, 2409, 182
-89.69905542559502, 27, 2436, 183
-121.86913289139873, 24, 2460, 184
-69.03623644478259, 30, 2490, 185
-70.91639948608169, 16, 2506, 186
-75.15149618738064, 12, 2518, 187
-130.76682570138544, 29, 2547, 188
-104.78803666814336, 39, 2586, 189
-113.07596686647649, 26, 2612, 190
-124.79042856055031, 33, 2645, 191
-126.65674927342074, 23, 2668, 192
-81.1112798230593, 21, 2689, 193
-82.27364200430536, 40, 2729, 194
-85.67537563079163, 40, 2769, 195
-105.10973653342596, 37, 2806, 196
-106.55507610616425, 31, 2837, 197
-95.2037312561253, 37, 2874, 198
-143.1833017260277, 25, 2899, 199
-137.57650995649755, 27, 2926, 200
-90.3031689159721, 18, 2944, 201
-83.07907268601731, 38, 2982, 202
-85.9362217531266, 60, 3042, 203
-95.25374410074058, 25, 3067, 204
-111.37751040428981, 31, 3098, 205
-101.69058657030007, 39, 3137, 206
-135.52986694286608, 62, 3199, 207
-106.33421893415878, 48, 3247, 208
-103.37852451375014, 21, 3268, 209
-93.75987668331099, 24, 3292, 210
-104.66986268965755, 77, 3369, 211
-80.61182372679028, 33, 3402, 212
-88.5963941806942, 29, 3431, 213
-95.86898356340569, 43, 3474, 214
-105.4007240642008, 45, 3519, 215
-81.22924854212009, 55, 3574, 216
-93.19742872595988, 32, 3606, 217
-150.3958697764768, 48, 3654, 218
-44.7793286669755, 14, 3668, 219
-120.4093359647748, 27, 3695, 220
-85.41636136483568, 28, 3723, 221
-63.06568010686888, 19, 3742, 222
-82.7056300861797, 25, 3767, 223
-68.00167475742803, 20, 3787, 224
-74.05076147994492, 21, 3808, 225
-66.34166212164018, 22, 3830, 226
-172.81163135105095, 21, 3851, 227
-161.72110434851953, 43, 3894, 228
-117.97540125167671, 22, 3916, 229
-183.36368702394407, 26, 3942, 230
-172.9057455867308, 28, 3970, 231
-76.07570992578559, 14, 3984, 232
-69.44673673790348, 24, 4008, 233
-88.67328992587069, 19, 4027, 234
-65.31622590210311, 13, 4040, 235
-69.98538552057411, 19, 4059, 236
-65.57315880108881, 12, 4071, 237
-166.94528935009507, 31, 4102, 238
-122.85304559558654, 26, 4128, 239
-103.04257836027112, 17, 4145, 240
-112.85886975678238, 21, 4166, 241
-114.65030642325807, 28, 4194, 242
-113.1202063580654, 25, 4219, 243
-94.00281327453477, 21, 4240, 244
-107.57662792222945, 29, 4269, 245
-107.80137457890902, 48, 4317, 246
-108.40318901014477, 46, 4363, 247
-88.93169955757273, 35, 4398, 248
-123.8205360827537, 20, 4418, 249
-112.07775346091879, 20, 4438, 250
-143.65553407258076, 24, 4462, 251
-120.05364556180581, 18, 4480, 252
-61.495781111037644, 14, 4494, 253
-69.69631932328568, 13, 4507, 254
-90.556598266907, 16, 4523, 255
-82.60502566777454, 17, 4540, 256
-114.12461984156074, 32, 4572, 257
-96.94719828731863, 25, 4597, 258
-138.18071819325178, 23, 4620, 259
-97.95847868612277, 29, 4649, 260
-133.62141780752745, 28, 4677, 261
-139.98313890102315, 20, 4697, 262
-77.33430635155095, 33, 4730, 263
-90.9199907240275, 27, 4757, 264
-81.90903666047078, 18, 4775, 265
-66.37775890669708, 17, 4792, 266
-150.0902707464256, 25, 4817, 267
-180.47051387312894, 43, 4860, 268
-58.83970880721179, 14, 4874, 269
-60.43620714009961, 13, 4887, 270
-162.01260841361787, 37, 4924, 271
-113.74398608614925, 38, 4962, 272
-76.6933328862735, 61, 5023, 273
-98.24009375864343, 29, 5052, 274
-93.97477769327985, 45, 5097, 275
-70.22911622113497, 35, 5132, 276
-82.66085130857022, 22, 5154, 277
-63.07167558787114, 12, 5166, 278
-63.2236003214571, 65, 5231, 279
-64.89997683941667, 37, 5268, 280
-58.91689849490312, 25, 5293, 281
-67.13398330808026, 29, 5322, 282
-79.36934855401219, 35, 5357, 283
-64.31895177265822, 21, 5378, 284
-101.45517975481035, 26, 5404, 285
-79.8032012497491, 29, 5433, 286
-52.525434519034704, 22, 5455, 287
-61.022268809070255, 36, 5491, 288
-69.61978413927724, 28, 5519, 289
-89.68106950570714, 62, 5581, 290
-119.91455346103244, 24, 5605, 291
-67.86519770276314, 15, 5620, 292
-77.83327869307207, 29, 5649, 293
-84.81587814974972, 20, 5669, 294
-73.50392521015728, 24, 5693, 295
-67.20989834951858, 30, 5723, 296
-53.19241842952991, 15, 5738, 297
-75.06048159011691, 20, 5758, 298
-55.82393404462344, 14, 5772, 299
-91.75659510548599, 41, 5813, 300
-71.8870702390523, 49, 5862, 301
-63.80636374756982, 16, 5878, 302
-78.43996145423318, 21, 5899, 303
-117.94360642372908, 23, 5922, 304
-77.2677471903475, 20, 5942, 305
-96.9375705145356, 24, 5966, 306
-123.09303214003009, 31, 5997, 307
-136.25408243969923, 27, 6024, 308
-67.52592584972881, 18, 6042, 309
-135.10321669598397, 27, 6069, 310
-68.57225430973003, 21, 6090, 311
-103.1152519077979, 45, 6135, 312
-110.26676792283652, 25, 6160, 313
-106.08011401492128, 22, 6182, 314
-135.7068241179543, 27, 6209, 315
-75.33405160492933, 15, 6224, 316
-115.33376995163117, 29, 6253, 317
-67.98473729512168, 13, 6266, 318
-71.65737232615967, 20, 6286, 319
-87.97280410250558, 21, 6307, 320
-142.493361765705, 20, 6327, 321
-120.22603464666417, 32, 6359, 322
-122.71911267301178, 36, 6395, 323
-143.1575841825403, 55, 6450, 324
-116.1034452358831, 36, 6486, 325
-61.53697299534812, 45, 6531, 326
-73.41764621607226, 17, 6548, 327
-157.24666973561256, 33, 6581, 328
-47.90265923875616, 23, 6604, 329
-204.18393923801975, 27, 6631, 330
-84.71245571780479, 111, 6742, 331
-79.38817014619524, 30, 6772, 332
-91.83397057955588, 32, 6804, 333
-109.79000594939549, 24, 6828, 334
-97.21233274108158, 33, 6861, 335
-106.8055240330871, 29, 6890, 336
-75.29265803699779, 27, 6917, 337
-157.48839105796307, 24, 6941, 338
-134.138794086967, 26, 6967, 339
-91.96942305111776, 30, 6997, 340
-117.25113866730226, 29, 7026, 341
-132.278988643112, 31, 7057, 342
-43.74765285175826, 11, 7068, 343
-40.26577280865396, 12, 7080, 344
-56.93175182199511, 10, 7090, 345
-56.98530539408864, 13, 7103, 346
-69.82856166438737, 12, 7115, 347
-55.8489522119811, 11, 7126, 348
-64.2103066101555, 10, 7136, 349
-63.02676984857719, 9, 7145, 350
-63.074785984550985, 12, 7157, 351
-43.86131477058221, 11, 7168, 352
-60.967488223186166, 11, 7179, 353
-51.694798713887664, 11, 7190, 354
-152.870276622343, 19, 7209, 355
-62.41793363278035, 13, 7222, 356
-151.90206774148479, 19, 7241, 357
-122.67527345847355, 25, 7266, 358
-175.45983541005052, 22, 7288, 359
-112.88297671481949, 27, 7315, 360
-146.8278153515017, 29, 7344, 361
-157.8992607173675, 30, 7374, 362
-112.44344814425446, 28, 7402, 363
-86.27377558105508, 40, 7442, 364
-41.685945821770076, 10, 7452, 365
-48.988450311323746, 11, 7463, 366
-71.5717333475574, 12, 7475, 367
-58.32850303746518, 12, 7487, 368
-57.36632218927909, 14, 7501, 369
-59.408153232651344, 13, 7514, 370
-57.794076407213666, 15, 7529, 371
-57.94826264773043, 14, 7543, 372
-55.681750024345575, 11, 7554, 373
-59.90397113533632, 13, 7567, 374
-64.15924947640534, 18, 7585, 375
-60.16579211808576, 14, 7599, 376
-110.70200836998993, 16, 7615, 377
-46.17418226573271, 14, 7629, 378
-63.89785054407348, 19, 7648, 379
-58.79297301407085, 20, 7668, 380
-66.32749054020579, 15, 7683, 381
-56.92478396062711, 15, 7698, 382
-59.42317103535039, 18, 7716, 383
-74.16994992883858, 17, 7733, 384
-75.74934611829079, 19, 7752, 385
-72.4901736577069, 18, 7770, 386
-71.09236028771193, 15, 7785, 387
-83.90546431947548, 21, 7806, 388
-83.0421525389378, 17, 7823, 389
-67.76582603661836, 21, 7844, 390
-100.16654348047282, 21, 7865, 391
-156.23135485607753, 28, 7893, 392
-157.02010609778924, 27, 7920, 393
-79.25412399363687, 23, 7943, 394
-99.02256903962908, 32, 7975, 395
-178.99816487658399, 21, 7996, 396
-91.10108629670172, 23, 8019, 397
-136.61632800633612, 42, 8061, 398
-59.384769363334584, 20, 8081, 399
-125.79950052173089, 30, 8111, 400
-103.30073690682198, 30, 8141, 401
-139.64242830752752, 35, 8176, 402
-78.48166821716056, 30, 8206, 403
-80.6777135049505, 27, 8233, 404
-118.52918872705914, 27, 8260, 405
-102.74696490071705, 30, 8290, 406
-101.67757323064315, 37, 8327, 407
-119.06702758926116, 22, 8349, 408
-115.65027549174026, 47, 8396, 409
-91.79852417339056, 27, 8423, 410
-111.20784317621741, 31, 8454, 411
-76.31936033141955, 40, 8494, 412
-65.24333903275618, 17, 8511, 413
-90.33338657660558, 16, 8527, 414
-63.923893452425986, 14, 8541, 415
-73.62648597704137, 15, 8556, 416
-156.39623708096977, 24, 8580, 417
-175.4735662721203, 24, 8604, 418
-64.38757914762981, 14, 8618, 419
-187.97397745167547, 16, 8634, 420
-249.51510064712315, 24, 8658, 421
-138.0903835749411, 25, 8683, 422
-167.36060049422093, 23, 8706, 423
-127.65002304934931, 34, 8740, 424
-114.56389398853844, 26, 8766, 425
-60.5094731342551, 15, 8781, 426
-167.2424961039652, 21, 8802, 427
-53.92427404605421, 11, 8813, 428
-45.16698042822718, 12, 8825, 429
-59.82574105174187, 12, 8837, 430
-58.50180027341857, 12, 8849, 431
-109.60061485534688, 11, 8860, 432
-55.48483485592705, 12, 8872, 433
-44.47941105256312, 12, 8884, 434
-61.10668097664018, 14, 8898, 435
-52.17422347119566, 14, 8912, 436
-89.75900302106218, 24, 8936, 437
-132.3423006113893, 18, 8954, 438
-102.23387922477698, 23, 8977, 439
-173.2720321987997, 31, 9008, 440
-110.07035288468025, 25, 9033, 441
-106.88615025143349, 31, 9064, 442
-211.68705963710386, 25, 9089, 443
-53.82142159424674, 15, 9104, 444
-44.59794527364629, 12, 9116, 445
-98.36965401159944, 29, 9145, 446
-59.21717342903797, 15, 9160, 447
-61.11955602482787, 14, 9174, 448
-62.32110930661463, 13, 9187, 449
-46.4802671455881, 11, 9198, 450
-49.65544995979478, 13, 9211, 451
-63.226337932773475, 14, 9225, 452
-66.44848730485513, 17, 9242, 453
-124.5592286206135, 23, 9265, 454
-81.99515059035832, 19, 9284, 455
-128.1015110498457, 36, 9320, 456
-221.223865271534, 59, 9379, 457
-42.34313779952885, 14, 9393, 458
-72.20788068533977, 13, 9406, 459
-61.63310437736598, 9, 9415, 460
-78.18811601479133, 8, 9423, 461
-64.55934806732678, 9, 9432, 462
-79.11915140033976, 9, 9441, 463
-54.53997946911841, 8, 9449, 464
-64.3405860105915, 7, 9456, 465
-69.91665705667245, 9, 9465, 466
-126.17668069845045, 19, 9484, 467
-80.48246263493652, 18, 9502, 468
-130.53246341903355, 22, 9524, 469
-70.08992860703579, 26, 9550, 470
-132.09300140455184, 23, 9573, 471
-181.49776665261322, 22, 9595, 472
-142.49406091639912, 21, 9616, 473
-91.79110588648363, 41, 9657, 474
-65.3421493098061, 18, 9675, 475
-63.68831510453127, 15, 9690, 476
-47.40687916295215, 18, 9708, 477
-60.51366703698875, 15, 9723, 478
-47.67436113734412, 11, 9734, 479
-48.6359404259769, 10, 9744, 480
-64.57125256623371, 13, 9757, 481
-54.53514617415898, 16, 9773, 482
-57.07352449287043, 12, 9785, 483
-52.69113483386455, 14, 9799, 484
-48.69962535994283, 13, 9812, 485
-54.26224527191728, 10, 9822, 486
-58.75931186113377, 13, 9835, 487
-48.77268796218203, 11, 9846, 488
-73.81327805492859, 15, 9861, 489
-66.86204122518802, 10, 9871, 490
-59.06827968164883, 12, 9883, 491
-69.4915786098587, 22, 9905, 492
-69.3013819455669, 19, 9924, 493
-193.72132186560714, 32, 9956, 494
-63.99684973681225, 14, 9970, 495
-77.13863126534989, 18, 9988, 496
-87.17605114071688, 34, 10022, 497
-83.42172777707958, 22, 10044, 498
-66.06855875016151, 27, 10071, 499
-106.91643868624162, 23, 10094, 500
-96.23806989654291, 27, 10121, 501
-100.9517953389934, 28, 10149, 502
-90.30497963134614, 26, 10175, 503
-103.44405023461405, 37, 10212, 504
-92.08659441553586, 39, 10251, 505
-145.30048048142964, 35, 10286, 506
-225.5772309557912, 31, 10317, 507
-208.364554625559, 31, 10348, 508
-81.58990795946579, 14, 10362, 509
-73.7753467748, 9, 10371, 510
-112.21395286559925, 16, 10387, 511
-122.62853283040684, 24, 10411, 512
-104.9927424750851, 35, 10446, 513
-107.03529569934418, 30, 10476, 514
-121.67718575190712, 41, 10517, 515
-114.46013020181027, 35, 10552, 516
-162.12740513360689, 57, 10609, 517
-74.11800432761069, 37, 10646, 518
-166.4753750639726, 59, 10705, 519
-100.03486565386297, 38, 10743, 520
-78.93462860174616, 35, 10778, 521
-103.19850615785988, 23, 10801, 522
-91.30313782969075, 40, 10841, 523
-91.31481780019563, 21, 10862, 524
-103.70593428964675, 54, 10916, 525
-120.97125473476076, 38, 10954, 526
-94.34961267484283, 34, 10988, 527
-107.98331571354545, 37, 11025, 528
-109.78291900844347, 23, 11048, 529
-171.2838433713955, 22, 11070, 530
-82.3881156240882, 17, 11087, 531
-137.14506578294453, 29, 11116, 532
-56.25254653127705, 11, 11127, 533
-49.80615727019554, 10, 11137, 534
-53.468537703880585, 10, 11147, 535
-46.18049575908245, 9, 11156, 536
-68.3694100728404, 15, 11171, 537
-76.64713212239157, 20, 11191, 538
-117.0717632972957, 30, 11221, 539
-91.60888203688145, 28, 11249, 540
-126.8075771825248, 26, 11275, 541
-97.96085682978998, 28, 11303, 542
-102.96313094538775, 55, 11358, 543
-103.67466024694963, 22, 11380, 544
-110.71866930139223, 48, 11428, 545
-90.25950054179333, 18, 11446, 546
-84.97643691139338, 23, 11469, 547
-93.40849383736227, 40, 11509, 548
-91.79366084097026, 35, 11544, 549
-83.40945207931291, 20, 11564, 550
-204.542899358518, 44, 11608, 551
-89.0803937998222, 33, 11641, 552
-69.40099695794551, 29, 11670, 553
-75.29451768490794, 67, 11737, 554
-94.67032608544734, 30, 11767, 555
-79.73246436013035, 24, 11791, 556
-106.05030875001454, 29, 11820, 557
-92.8352768017507, 27, 11847, 558
-161.20002249880696, 38, 11885, 559
-73.11902641520099, 28, 11913, 560
-90.84391372674624, 44, 11957, 561
-79.05841371043422, 27, 11984, 562
-67.40335576955516, 30, 12014, 563
-62.349578880499976, 26, 12040, 564
-73.12367568552837, 31, 12071, 565
-78.28305800926543, 31, 12102, 566
-84.23803566395087, 26, 12128, 567
-71.14025951405253, 22, 12150, 568
-177.01382649623625, 45, 12195, 569
-110.69732244987499, 39, 12234, 570
-76.8068024949352, 19, 12253, 571
-64.27381674485531, 80, 12333, 572
-72.99234224126529, 36, 12369, 573
-70.7512130012207, 22, 12391, 574
-90.3847844388364, 34, 12425, 575
-85.86424823828338, 21, 12446, 576
-67.05204130931001, 29, 12475, 577
-82.11741784223122, 22, 12497, 578
-68.22219826411391, 23, 12520, 579
-57.12530687025122, 23, 12543, 580
-103.67192858613649, 22, 12565, 581
-95.1286409996414, 28, 12593, 582
-88.38245534925697, 28, 12621, 583
-84.53111491107386, 36, 12657, 584
-90.5849749242283, 24, 12681, 585
-87.60480780266356, 32, 12713, 586
-102.89479311036622, 32, 12745, 587
-125.00959468134262, 24, 12769, 588
-101.05688078372644, 31, 12800, 589
-72.810575471932, 37, 12837, 590
-121.03269768914942, 48, 12885, 591
-100.73219465657864, 32, 12917, 592
-92.37176243485195, 41, 12958, 593
-83.7186819458018, 16, 12974, 594
-67.22434201219613, 20, 12994, 595
-76.4505010961063, 22, 13016, 596
-103.49003231356093, 21, 13037, 597
-80.83967066813891, 24, 13061, 598
-71.86262968693718, 28, 13089, 599
-75.85353535380733, 30, 13119, 600
-79.44002913485399, 24, 13143, 601
-81.84523910685535, 30, 13173, 602
-67.52560901328074, 21, 13194, 603
-74.44638212680466, 24, 13218, 604
-86.59716683362483, 35, 13253, 605
-84.05879158174038, 33, 13286, 606
-74.3393337142139, 27, 13313, 607
-80.22240093988714, 25, 13338, 608
-80.48993306698542, 44, 13382, 609
-78.78654624003069, 36, 13418, 610
-86.30948995980425, 52, 13470, 611
-73.64531909459323, 27, 13497, 612
-96.69575117362214, 32, 13529, 613
-110.46453997073371, 25, 13554, 614
-123.17885841063998, 27, 13581, 615
-214.2681694305277, 25, 13606, 616
-95.49611201240566, 25, 13631, 617
-112.36690582278577, 24, 13655, 618
-81.20523972951872, 22, 13677, 619
-133.72525489387522, 26, 13703, 620
-94.86304490719093, 21, 13724, 621
-76.42023253923107, 29, 13753, 622
-105.22486509430664, 27, 13780, 623
-84.11660129621836, 33, 13813, 624
-80.1235290339725, 57, 13870, 625
-82.27742667783026, 41, 13911, 626
-79.43318912269845, 34, 13945, 627
-103.32086855793008, 22, 13967, 628
-93.51410546361436, 35, 14002, 629
-86.21073613265487, 55, 14057, 630
-74.83328402173711, 36, 14093, 631
-64.81189810314895, 29, 14122, 632
-66.00342559801156, 32, 14154, 633
-88.82562691326306, 39, 14193, 634
-89.0472859612445, 34, 14227, 635
-94.42022850423079, 29, 14256, 636
-88.46976353724557, 21, 14277, 637
-82.1433748166114, 45, 14322, 638
-75.72150510826454, 35, 14357, 639
-181.46900615311247, 36, 14393, 640
-87.89938575726573, 30, 14423, 641
-80.54360772903443, 34, 14457, 642
-78.61907683166677, 36, 14493, 643
-75.9038202787795, 23, 14516, 644
-127.72369267421062, 34, 14550, 645
-111.40892504184976, 37, 14587, 646
-149.29729348075318, 53, 14640, 647
-78.10273679327018, 31, 14671, 648
-60.89304529994749, 32, 14703, 649
-71.25924746311661, 41, 14744, 650
-65.57205000790105, 31, 14775, 651
-82.25375518052012, 38, 14813, 652
-97.17739469849668, 35, 14848, 653
-78.25494667768666, 16, 14864, 654
-83.85394954850632, 30, 14894, 655
-57.74534250301805, 15, 14909, 656
-63.65285133704411, 13, 14922, 657
-55.44874832380316, 11, 14933, 658
-44.5999225336714, 10, 14943, 659
-68.92572744359931, 14, 14957, 660
-65.08097643023724, 12, 14969, 661
-53.8357859244816, 11, 14980, 662
-89.48259107839, 27, 15007, 663
-52.81328772344487, 11, 15018, 664
-125.91325275924682, 36, 15054, 665
-235.4510641931038, 23, 15077, 666
-89.20621686925443, 30, 15107, 667
-126.05344238990575, 26, 15133, 668
-88.82595779400916, 30, 15163, 669
-87.91358216758368, 75, 15238, 670
-103.10494805664113, 70, 15308, 671
-97.67373598070783, 46, 15354, 672
-81.76654213021799, 66, 15420, 673
-116.50456508031724, 106, 15526, 674
-75.93213411871254, 47, 15573, 675
-132.6029707788515, 81, 15654, 676
-66.5785406386641, 14, 15668, 677
-198.92950194228882, 55, 15723, 678
-111.42161265543969, 41, 15764, 679
-114.18084033592372, 46, 15810, 680
-67.8760326986108, 18, 15828, 681
-77.91944833922521, 30, 15858, 682
-74.35569029275683, 40, 15898, 683
-128.2453855762551, 31, 15929, 684
-123.42162541267236, 39, 15968, 685
-166.06519936792472, 72, 16040, 686
-138.75238955642152, 36, 16076, 687
-84.19260387960655, 64, 16140, 688
-158.7138471670285, 286, 16426, 689
-151.26613911424988, 235, 16661, 690
-126.30513215192877, 337, 16998, 691
-166.20419991129964, 130, 17128, 692
-144.49395525388746, 33, 17161, 693
-126.95103335843953, 27, 17188, 694
-101.21275208612651, 30, 17218, 695
-119.20670580684813, 38, 17256, 696
-101.95379526485858, 29, 17285, 697
-123.06481568680006, 35, 17320, 698
-138.21927950853558, 26, 17346, 699
-132.02936587117534, 71, 17417, 700
-151.68669394513591, 44, 17461, 701
-202.6047035569149, 453, 17914, 702
-94.9772836193587, 72, 17986, 703
-90.28205370162937, 59, 18045, 704
-139.45688560019897, 54, 18099, 705
-77.0203617628021, 40, 18139, 706
-99.38717729990017, 47, 18186, 707
-67.66203227438162, 11, 18197, 708
-51.079169046097945, 10, 18207, 709
-48.710173105323804, 10, 18217, 710
-49.707389002746396, 12, 18229, 711
-55.943857127764005, 10, 18239, 712
-74.46512549087053, 14, 18253, 713
-63.28921664366298, 14, 18267, 714
-56.48527999445001, 14, 18281, 715
-160.9696619054771, 29, 18310, 716
-93.67027201164731, 61, 18371, 717
-75.24938292453008, 21, 18392, 718
-102.24965909549553, 45, 18437, 719
-118.1248651123721, 30, 18467, 720
-119.57334598217741, 28, 18495, 721
-71.44796955596185, 29, 18524, 722
-150.2623006703755, 36, 18560, 723
-57.34449029027026, 25, 18585, 724
-114.26001359217992, 58, 18643, 725
-88.40099879597105, 24, 18667, 726
-117.44219859763888, 27, 18694, 727
-69.68758737511138, 14, 18708, 728
-51.435547131635104, 8, 18716, 729
-73.14467086377327, 11, 18727, 730
-72.64411457574717, 13, 18740, 731
-88.40730285792134, 14, 18754, 732
-92.66959900522302, 17, 18771, 733
-85.37403839727425, 13, 18784, 734
-80.60625206010542, 11, 18795, 735
-79.94467792705095, 12, 18807, 736
-102.55184451961469, 17, 18824, 737
-125.95765768199072, 45, 18869, 738
-84.98352695776752, 39, 18908, 739
-137.8815102567575, 54, 18962, 740
-114.95854994428122, 27, 18989, 741
-120.79273093566329, 34, 19023, 742
-142.15330215011306, 34, 19057, 743
-149.22256833854243, 21, 19078, 744
-86.52025867493926, 13, 19091, 745
-149.81834816047757, 18, 19109, 746
-62.76126712185203, 10, 19119, 747
-74.99226105286674, 12, 19131, 748
-56.47035178532441, 10, 19141, 749
-74.01680797530304, 11, 19152, 750
-51.07336474714053, 9, 19161, 751
-55.83894951361323, 9, 19170, 752
-63.78224669162485, 8, 19178, 753
-49.2031006321978, 9, 19187, 754
-53.99760908965021, 10, 19197, 755
-65.68585523623632, 11, 19208, 756
-60.09164928983317, 11, 19219, 757
-56.269271110113124, 12, 19231, 758
-55.505200425669514, 12, 19243, 759
-57.401956555054454, 12, 19255, 760
-62.93216002577239, 12, 19267, 761
-47.937953798515665, 10, 19277, 762
-60.51821095748174, 11, 19288, 763
-59.06226954279738, 12, 19300, 764
-64.85911040903375, 11, 19311, 765
-183.81822676670518, 23, 19334, 766
-174.72821814004902, 19, 19353, 767
-197.6963221905929, 24, 19377, 768
-188.07461310119282, 25, 19402, 769
-76.21480666588141, 12, 19414, 770
-179.3867960849883, 31, 19445, 771
-154.61194117945618, 21, 19466, 772
-116.33354686350799, 19, 19485, 773
-87.63791106914034, 25, 19510, 774
-87.84397478962028, 16, 19526, 775
-86.26990446166545, 16, 19542, 776
-173.698134785799, 25, 19567, 777
-130.14094526373455, 15, 19582, 778
-88.06795888967294, 9, 19591, 779
-64.26521865674403, 8, 19599, 780
-67.344343133475, 8, 19607, 781
-85.71920411847792, 8, 19615, 782
-85.42432875372405, 7, 19622, 783
-159.5276774255687, 8, 19630, 784
-98.02757508122937, 7, 19637, 785
-139.24294086784937, 7, 19644, 786
-177.33066257610446, 24, 19668, 787
-129.9971588545472, 14, 19682, 788
-121.89811192169351, 16, 19698, 789
-106.43438206759214, 8, 19706, 790
-147.60912601415995, 24, 19730, 791
-170.9795664796648, 24, 19754, 792
-115.75082667315982, 23, 19777, 793
-136.4439866293211, 21, 19798, 794
-158.45779520779374, 29, 19827, 795
-165.74180171456118, 22, 19849, 796
-159.94940603131715, 22, 19871, 797
-140.0678534913152, 29, 19900, 798
-92.77463123313218, 36, 19936, 799
-57.0841956660103, 14, 19950, 800
-93.91932669093173, 19, 19969, 801
-94.80825346440639, 59, 20028, 802
-151.7151299133369, 46, 20074, 803
-113.77015361917053, 32, 20106, 804
-167.68778199309708, 145, 20251, 805
-117.51599285851647, 24, 20275, 806
-58.73621426176683, 10, 20285, 807
-107.89492142316917, 29, 20314, 808
-108.74210643110438, 24, 20338, 809
-132.11860946099677, 10, 20348, 810
-73.06875909191263, 41, 20389, 811
-71.68446128165549, 18, 20407, 812
-142.8553061752158, 20, 20427, 813
-106.06609015465828, 17, 20444, 814
-80.36717697615408, 13, 20457, 815
-47.66407651431592, 11, 20468, 816
-57.723150990121894, 14, 20482, 817
-67.9220645010993, 15, 20497, 818
-55.27872492595158, 11, 20508, 819
-50.116039996914026, 10, 20518, 820
-62.895871729599335, 12, 20530, 821
-47.10024622240468, 12, 20542, 822
-51.419419688538994, 12, 20554, 823
-48.24656962461141, 10, 20564, 824
-53.6847408541437, 10, 20574, 825
-60.36185820686171, 11, 20585, 826
-58.5752488892588, 13, 20598, 827
-51.425900421466935, 9, 20607, 828
-50.593279937928486, 11, 20618, 829
-65.93823747300021, 13, 20631, 830
-55.83207939012013, 11, 20642, 831
-56.67824933375002, 12, 20654, 832
-49.14316352628887, 12, 20666, 833
-52.04169631887851, 12, 20678, 834
-63.84829756333403, 12, 20690, 835
-53.8166610859507, 11, 20701, 836
-46.95478824304871, 12, 20713, 837
-59.51928528746194, 17, 20730, 838
-67.92223998980276, 17, 20747, 839
-57.97643024560742, 14, 20761, 840
-50.78181449298128, 13, 20774, 841
-59.37936238279427, 12, 20786, 842
-53.26257460613256, 14, 20800, 843
-45.70969751618598, 14, 20814, 844
-49.924261619042625, 11, 20825, 845
-55.70511549386865, 9, 20834, 846
-59.62627277991963, 13, 20847, 847
-43.36698783188531, 12, 20859, 848
-42.83183496848835, 11, 20870, 849
-42.26467398343928, 11, 20881, 850
-40.14135028609104, 14, 20895, 851
-41.2350513501174, 11, 20906, 852
-56.004999524056416, 13, 20919, 853
-42.31065863400438, 11, 20930, 854
-61.91399952650286, 14, 20944, 855
-56.985150712412675, 13, 20957, 856
-48.04307573770522, 12, 20969, 857
-42.310925146708485, 13, 20982, 858
-57.094022471274286, 12, 20994, 859
-46.547487312665865, 14, 21008, 860
-56.383468138570905, 12, 21020, 861
-42.097388658270276, 11, 21031, 862
-60.08347245301678, 12, 21043, 863
-56.05254291376319, 14, 21057, 864
-57.67320922548116, 14, 21071, 865
-44.66949256631338, 11, 21082, 866
-48.93033720156737, 14, 21096, 867
-54.4572413343537, 13, 21109, 868
-50.70880656982574, 13, 21122, 869
-62.566616413902096, 15, 21137, 870
-61.93214551654066, 12, 21149, 871
-52.54741063381836, 11, 21160, 872
-49.20645559682875, 12, 21172, 873
-50.65560926356014, 12, 21184, 874
-59.8669572796404, 14, 21198, 875
-47.1531818473818, 13, 21211, 876
-53.303322397879356, 14, 21225, 877
-49.840310576016975, 12, 21237, 878
-49.189751169660454, 13, 21250, 879
-55.567379699351136, 13, 21263, 880
-45.40124969771988, 14, 21277, 881
-47.60653635425655, 14, 21291, 882
-68.685085269435, 11, 21302, 883
-44.238254132831685, 16, 21318, 884
-63.56664705623075, 11, 21329, 885
-51.88214527086046, 13, 21342, 886
-48.8949801987841, 15, 21357, 887
-58.17416940140568, 14, 21371, 888
-58.35665321933206, 12, 21383, 889
-60.20294842944125, 13, 21396, 890
-56.528606173681126, 14, 21410, 891
-53.00270676790724, 15, 21425, 892
-64.44879252086068, 15, 21440, 893
-153.90528657215407, 19, 21459, 894
-80.77055404430517, 24, 21483, 895
-65.4895382965168, 23, 21506, 896
-61.66113746672863, 13, 21519, 897
-56.53591474808877, 16, 21535, 898
-66.77889942994902, 14, 21549, 899
-171.45796241073953, 27, 21576, 900
-126.40880975734753, 51, 21627, 901
-66.3966505509196, 25, 21652, 902
-115.47602632459153, 23, 21675, 903
-56.18409190173672, 19, 21694, 904
-70.44426238684117, 19, 21713, 905
-74.1560865693576, 26, 21739, 906
-123.84494053210965, 20, 21759, 907
-60.225218541287475, 21, 21780, 908
-79.55621037432927, 24, 21804, 909
-106.59059091531716, 36, 21840, 910
-65.31576826048642, 21, 21861, 911
-110.52909191984355, 35, 21896, 912
-114.92561252414617, 27, 21923, 913
-145.7658435699193, 23, 21946, 914
-83.67855071527352, 23, 21969, 915
-168.08840447511608, 29, 21998, 916
-102.42886979211704, 20, 22018, 917
-97.6023025681409, 25, 22043, 918
-128.2771021811863, 21, 22064, 919
-115.4648568124712, 28, 22092, 920
-150.55772312014156, 23, 22115, 921
-116.99371783210111, 28, 22143, 922
-87.00984654664566, 50, 22193, 923
-79.87463492137394, 28, 22221, 924
-80.12383960425979, 25, 22246, 925
-90.9455303675945, 28, 22274, 926
-77.07984245430914, 29, 22303, 927
-83.75297840399178, 37, 22340, 928
-162.10930101156939, 60, 22400, 929
-100.75366685775215, 38, 22438, 930
-106.73923253431326, 35, 22473, 931
-86.40761291000295, 68, 22541, 932
-110.1217113279504, 20, 22561, 933
-95.76129399889382, 52, 22613, 934
-70.10103548618609, 27, 22640, 935
-69.10718771226051, 19, 22659, 936
-62.08720770193537, 25, 22684, 937
-67.7479476498992, 45, 22729, 938
-91.0074432245144, 51, 22780, 939
-67.15080724714177, 30, 22810, 940
-84.88112687126453, 47, 22857, 941
-92.96845074611689, 40, 22897, 942
-102.60238682132062, 42, 22939, 943
-87.769532660054, 57, 22996, 944
-73.54868157748669, 34, 23030, 945
-89.08733339623147, 45, 23075, 946
-83.55485047226907, 38, 23113, 947
-70.74825892710173, 29, 23142, 948
-62.38822506037451, 10, 23152, 949
-135.52486628836027, 128, 23280, 950
-88.5387042455784, 29, 23309, 951
-69.44670669346955, 26, 23335, 952
-93.46836644996749, 45, 23380, 953
-92.4238579380247, 30, 23410, 954
-94.23838684966128, 39, 23449, 955
-99.5433464555014, 41, 23490, 956
-152.01802070955443, 115, 23605, 957
-122.64656335054298, 42, 23647, 958
-116.72484002588291, 27, 23674, 959
-102.2726599999676, 38, 23712, 960
-108.21172515800846, 31, 23743, 961
-128.85535537092602, 37, 23780, 962
-104.99176846965668, 43, 23823, 963
-131.02772998953583, 51, 23874, 964
-94.83562206238446, 31, 23905, 965
-110.52416339599468, 27, 23932, 966
-86.4055715638343, 33, 23965, 967
-89.5135736892886, 35, 24000, 968
-106.4951016069405, 29, 24029, 969
-105.93271051634552, 34, 24063, 970
-97.45298567484184, 28, 24091, 971
-128.36304372773986, 31, 24122, 972
-104.82106309319398, 26, 24148, 973
-142.66402002336827, 37, 24185, 974
-105.04411579139862, 31, 24216, 975
-96.46912660565981, 21, 24237, 976
-130.67712491136575, 57, 24294, 977
-114.95443540107217, 31, 24325, 978
-111.99545579054522, 28, 24353, 979
-105.66323384346767, 34, 24387, 980
-124.13442583175069, 34, 24421, 981
-142.25451542342745, 28, 24449, 982
-162.21454397051076, 31, 24480, 983
-107.897080673512, 21, 24501, 984
-118.54773117404648, 25, 24526, 985
-126.98821297602827, 24, 24550, 986
-117.55217972593393, 20, 24570, 987
-66.10586024496364, 8, 24578, 988
-97.60371496740028, 24, 24602, 989
-135.81608480333742, 39, 24641, 990
-97.18146682836824, 19, 24660, 991
-97.33439581330884, 7, 24667, 992
-129.6757950543099, 13, 24680, 993
-110.40279030444523, 17, 24697, 994
-140.5343799222067, 44, 24741, 995
-186.04734829949467, 51, 24792, 996
-124.18303433750381, 29, 24821, 997
-141.4625853365623, 33, 24854, 998
-112.3375426735577, 25, 24879, 999
-121.36205940751111, 22, 24901, 1000
-164.03577837493964, 49, 24950, 1001
-105.75951652072064, 28, 24978, 1002
-139.6125526831313, 28, 25006, 1003
-102.2529590065183, 17, 25023, 1004
-113.4683941025483, 27, 25050, 1005
-95.16796614944226, 32, 25082, 1006
-75.90756041552304, 19, 25101, 1007
-85.49296352910069, 17, 25118, 1008
-79.2292558905978, 19, 25137, 1009
-109.4663300149903, 23, 25160, 1010
-71.59252591937758, 13, 25173, 1011
-107.27975034764427, 29, 25202, 1012
-75.4609443329656, 14, 25216, 1013
-86.40804880426124, 15, 25231, 1014
-59.05170693702232, 9, 25240, 1015
-82.97106605381487, 12, 25252, 1016
-82.14044079249419, 13, 25265, 1017
-100.60023761476387, 16, 25281, 1018
-90.72382701241125, 16, 25297, 1019
-58.56587848631101, 12, 25309, 1020
-72.1898666444418, 11, 25320, 1021
-60.75160602927632, 11, 25331, 1022
-68.85394916862232, 12, 25343, 1023
-69.76325903095649, 35, 25378, 1024
-75.31148341307244, 19, 25397, 1025
-81.67350376550971, 17, 25414, 1026
-86.11342510350937, 24, 25438, 1027
-74.47050423283073, 17, 25455, 1028
-102.17304803954598, 16, 25471, 1029
-83.349589237272, 17, 25488, 1030
-74.82566317580016, 19, 25507, 1031
-67.15314446689412, 16, 25523, 1032
-106.75836084896126, 21, 25544, 1033
-56.617424321741154, 15, 25559, 1034
-75.50410822434841, 21, 25580, 1035
-92.4277043349204, 19, 25599, 1036
-70.6375241369021, 22, 25621, 1037
-63.46476129541642, 20, 25641, 1038
-101.20170476874343, 32, 25673, 1039
-75.64956172820644, 17, 25690, 1040
-160.0091882863001, 23, 25713, 1041
-84.75913888785165, 22, 25735, 1042
-78.70945090416662, 12, 25747, 1043
-61.77519845899653, 11, 25758, 1044
-80.3838588615298, 15, 25773, 1045
-74.59577768844717, 26, 25799, 1046
-80.56472185316416, 16, 25815, 1047
-92.38164581111498, 28, 25843, 1048
-93.16423755516297, 16, 25859, 1049
-96.42624596429826, 25, 25884, 1050
-93.58164640587368, 20, 25904, 1051
-145.28837920801857, 20, 25924, 1052
-95.7606931719355, 23, 25947, 1053
-132.5174312899003, 30, 25977, 1054
-133.17330041636006, 29, 26006, 1055
-77.55370882952072, 16, 26022, 1056
-157.58951739114872, 32, 26054, 1057
-145.02780255628147, 65, 26119, 1058
-137.71183660762333, 52, 26171, 1059
-100.2013911973274, 37, 26208, 1060
-110.5017033471642, 36, 26244, 1061
-125.60516555894111, 103, 26347, 1062
-98.64973348726359, 38, 26385, 1063
-122.75359701241563, 54, 26439, 1064
-146.41665114571134, 58, 26497, 1065
-118.87997981785858, 30, 26527, 1066
-123.90585937508746, 92, 26619, 1067
-103.32854755942826, 31, 26650, 1068
-93.17266552093145, 22, 26672, 1069
-113.42342273110951, 33, 26705, 1070
-77.84038261916727, 18, 26723, 1071
-87.77819729787822, 17, 26740, 1072
-71.89572278630763, 17, 26757, 1073
-56.52319809132905, 15, 26772, 1074
-99.71539394175117, 18, 26790, 1075
-73.12226604073324, 17, 26807, 1076
-79.29121521051094, 14, 26821, 1077
-108.51404587978536, 15, 26836, 1078
-60.6338479169586, 13, 26849, 1079
-70.03553303063903, 14, 26863, 1080
-50.401932081636076, 14, 26877, 1081
-230.62559768735917, 24, 26901, 1082
-157.4119504474118, 27, 26928, 1083
-131.0497074699257, 25, 26953, 1084
-154.47819338363266, 57, 27010, 1085
-103.84444844998491, 47, 27057, 1086
-154.23370443117983, 90, 27147, 1087
-96.02057953699543, 40, 27187, 1088
-161.86331024173006, 50, 27237, 1089
-95.14747570885085, 35, 27272, 1090
-208.5265199290526, 125, 27397, 1091
-391.842201111372, 289, 27686, 1092
-116.29373560172581, 23, 27709, 1093
-161.30797521939854, 49, 27758, 1094
-121.01307373428448, 34, 27792, 1095
-165.42204943571477, 15, 27807, 1096
-133.58007432090488, 49, 27856, 1097
-164.74064051544175, 35, 27891, 1098
-117.19406202185652, 23, 27914, 1099
-84.31787182238345, 12, 27926, 1100
-165.53182536320298, 28, 27954, 1101
-242.70916879247386, 67, 28021, 1102
-120.43429261440082, 46, 28067, 1103
-64.36954997785868, 13, 28080, 1104
-134.15005016079994, 28, 28108, 1105
-141.338171155189, 30, 28138, 1106
-121.08024202891968, 44, 28182, 1107
-270.84226431645163, 83, 28265, 1108
-165.56910354929002, 61, 28326, 1109
-120.70019387078432, 31, 28357, 1110
-126.69566092893739, 41, 28398, 1111
-98.88106441036236, 49, 28447, 1112
-134.28054993650215, 80, 28527, 1113
-236.07694718790674, 327, 28854, 1114
-97.56440583123833, 55, 28909, 1115
-509.34164723662144, 810, 29719, 1116
-168.19035653397924, 14, 29733, 1117
-168.65959522243253, 70, 29803, 1118
-78.62872796143137, 14, 29817, 1119
-178.56943118820374, 31, 29848, 1120
-172.45531770316575, 26, 29874, 1121
-169.35580225724402, 24, 29898, 1122
-249.59778003398299, 23, 29921, 1123
-78.64613254297247, 8, 29929, 1124
-60.090360902866706, 9, 29938, 1125
-63.70218620481147, 6, 29944, 1126
-71.51900605030171, 6, 29950, 1127
-65.29619827821008, 6, 29956, 1128
-75.1077523116141, 6, 29962, 1129
-61.22778313677408, 5, 29967, 1130
-65.7915592302912, 7, 29974, 1131
-58.74562360053886, 6, 29980, 1132
-90.72428023696325, 14, 29994, 1133
-201.7576815723661, 30, 30024, 1134
-105.17132325646827, 42, 30066, 1135
-62.50286488083255, 10, 30076, 1136
-102.29709008549641, 17, 30093, 1137
-129.43891632680055, 12, 30105, 1138
-59.52813750438594, 10, 30115, 1139
-68.28561638066574, 9, 30124, 1140
-76.19397726859333, 10, 30134, 1141
-60.73027274732169, 9, 30143, 1142
-73.74214239604107, 8, 30151, 1143
-79.03145702983281, 10, 30161, 1144
-69.1267514938091, 9, 30170, 1145
-64.11466904753112, 9, 30179, 1146
-69.25858128216305, 8, 30187, 1147
-60.10189412056825, 10, 30197, 1148
-58.82208982026732, 8, 30205, 1149
-68.80810247220616, 9, 30214, 1150
-57.75695425052618, 8, 30222, 1151
-64.39460201831203, 10, 30232, 1152
-67.01895714684511, 9, 30241, 1153
-69.49757637777573, 10, 30251, 1154
-70.16566961846067, 12, 30263, 1155
-74.75646222924553, 12, 30275, 1156
-57.29227762185943, 10, 30285, 1157
-150.58274382476145, 23, 30308, 1158
-106.68720224922083, 25, 30333, 1159
-93.9360499893315, 26, 30359, 1160
-84.16770975936579, 33, 30392, 1161
-76.73930675074544, 23, 30415, 1162
-76.8436208487293, 20, 30435, 1163
-71.30981350433665, 30, 30465, 1164
-66.85542699542609, 29, 30494, 1165
-75.51444615788974, 36, 30530, 1166
-85.45706219994877, 29, 30559, 1167
-86.47113072504474, 29, 30588, 1168
-91.52823077988586, 37, 30625, 1169
-83.25562842301345, 39, 30664, 1170
-86.432057620395, 41, 30705, 1171
-106.24160899194592, 42, 30747, 1172
-88.66023807318392, 21, 30768, 1173
-89.54783567554671, 19, 30787, 1174
-88.48711602218266, 35, 30822, 1175
-111.02732165005314, 34, 30856, 1176
-133.76137984086677, 32, 30888, 1177
-132.62764436412112, 27, 30915, 1178
-144.3016877132959, 35, 30950, 1179
-110.18761409594049, 19, 30969, 1180
-112.04985813594128, 23, 30992, 1181
-128.62636450492616, 26, 31018, 1182
-162.51808334311056, 33, 31051, 1183
-104.3856360299521, 24, 31075, 1184
-108.39304766772479, 34, 31109, 1185
-139.5633137612685, 29, 31138, 1186
-146.24107229186245, 44, 31182, 1187
-99.69834423887434, 28, 31210, 1188
-122.28860950707727, 26, 31236, 1189
-93.1821804993563, 29, 31265, 1190
-104.39148641197633, 33, 31298, 1191
-124.88234199616606, 42, 31340, 1192
-110.54397494066521, 55, 31395, 1193
-96.68910890792432, 28, 31423, 1194
-88.97990695694119, 17, 31440, 1195
-43.24819988921121, 11, 31451, 1196
-107.1640450367331, 14, 31465, 1197
-90.44876529905672, 18, 31483, 1198
-88.76610567853525, 14, 31497, 1199
-73.45717970959448, 11, 31508, 1200
-78.51052443739526, 14, 31522, 1201
-76.23715331062833, 16, 31538, 1202
-66.53405112824736, 16, 31554, 1203
-85.63664130276578, 17, 31571, 1204
-80.30609249256763, 17, 31588, 1205
-60.38887953419923, 12, 31600, 1206
-63.96034815381377, 12, 31612, 1207
-72.09846463180298, 25, 31637, 1208
-70.10183828820082, 14, 31651, 1209
-59.32539250856372, 10, 31661, 1210
-64.54045584279605, 14, 31675, 1211
-53.64939538980245, 11, 31686, 1212
-63.085722852799364, 12, 31698, 1213
-60.47229455407148, 14, 31712, 1214
-81.48807759121226, 13, 31725, 1215
-56.8548708559463, 13, 31738, 1216
-108.48558164206281, 21, 31759, 1217
-56.30768826241436, 12, 31771, 1218
-42.68706939133523, 10, 31781, 1219
-50.323266780150675, 11, 31792, 1220
-63.977876755419416, 10, 31802, 1221
-48.45092156603123, 8, 31810, 1222
-59.673452837177976, 11, 31821, 1223
-53.77179804648719, 11, 31832, 1224
-44.707806903868104, 8, 31840, 1225
-53.54235479549125, 9, 31849, 1226
-55.117641709701815, 10, 31859, 1227
-40.90448097195434, 9, 31868, 1228
-42.78625987679021, 9, 31877, 1229
-40.058548643857605, 10, 31887, 1230
-57.28556604974038, 12, 31899, 1231
-56.31689909114499, 12, 31911, 1232
-52.7806586514172, 14, 31925, 1233
-51.04104493232214, 15, 31940, 1234
-55.259013564072816, 13, 31953, 1235
-68.66427652900612, 12, 31965, 1236
-66.37733008062632, 16, 31981, 1237
-66.24005804867338, 11, 31992, 1238
-62.540805447019494, 13, 32005, 1239
-65.3325373629363, 18, 32023, 1240
-74.4806639609287, 28, 32051, 1241
-57.96031461353124, 11, 32062, 1242
-56.274892873157185, 14, 32076, 1243
-55.018940220466135, 11, 32087, 1244
-71.17359437543065, 14, 32101, 1245
-62.467562187952126, 26, 32127, 1246
-69.46633540705982, 17, 32144, 1247
-57.83172275561263, 13, 32157, 1248
-64.8069630602808, 14, 32171, 1249
-50.08430698926041, 11, 32182, 1250
-65.6263868764978, 17, 32199, 1251
-59.494197987059394, 16, 32215, 1252
-78.20691621556321, 18, 32233, 1253
-63.416597556056615, 15, 32248, 1254
-55.193889784235495, 13, 32261, 1255
-65.6551306306158, 22, 32283, 1256
-70.80279171226294, 16, 32299, 1257
-67.57759136359937, 21, 32320, 1258
-83.7381816171785, 37, 32357, 1259
-77.71689119619616, 47, 32404, 1260
-94.43858531605521, 24, 32428, 1261
-100.77666072444067, 22, 32450, 1262
-76.33312768327436, 18, 32468, 1263
-78.41763741022632, 17, 32485, 1264
-100.42042745195118, 21, 32506, 1265
-78.40807195036362, 38, 32544, 1266
-85.70668317047023, 33, 32577, 1267
-74.194556105221, 23, 32600, 1268
-74.72228267631884, 45, 32645, 1269
-58.838830754044125, 12, 32657, 1270
-79.78038071014886, 31, 32688, 1271
-70.00519586895628, 25, 32713, 1272
-103.5300623598009, 36, 32749, 1273
-118.21250325947155, 27, 32776, 1274
-134.64856938858915, 24, 32800, 1275
-137.3928479464576, 16, 32816, 1276
-122.51309609245112, 19, 32835, 1277
-125.51065389471923, 17, 32852, 1278
-96.45981468745475, 19, 32871, 1279
-90.62702949743041, 22, 32893, 1280
-77.72180155919955, 34, 32927, 1281
-77.92802183979845, 33, 32960, 1282
-78.25824062331627, 52, 33012, 1283
-88.21639369435253, 24, 33036, 1284
-104.63542358954356, 24, 33060, 1285
-106.91820082401058, 24, 33084, 1286
-89.44967900765704, 21, 33105, 1287
-54.025196981256514, 13, 33118, 1288
-60.4695219151759, 14, 33132, 1289
-76.82343140050129, 16, 33148, 1290
-85.6412741580543, 26, 33174, 1291
-81.62076326104689, 20, 33194, 1292
-88.59670685853636, 19, 33213, 1293
-81.05226432254383, 15, 33228, 1294
-65.42648521096552, 12, 33240, 1295
-93.58794669073845, 28, 33268, 1296
-75.40179734882912, 15, 33283, 1297
-66.17023638914056, 15, 33298, 1298
-65.71251012050574, 15, 33313, 1299
-85.741530578767, 23, 33336, 1300
-84.45726498316695, 67, 33403, 1301
-62.60708455739518, 19, 33422, 1302
-78.07636890581293, 19, 33441, 1303
-81.88547276452901, 18, 33459, 1304
-62.73802064989191, 21, 33480, 1305
-58.7379197757938, 16, 33496, 1306
-62.97169797647605, 17, 33513, 1307
-64.12453929745325, 27, 33540, 1308
-103.36452230513352, 32, 33572, 1309
-94.08947796013166, 36, 33608, 1310
-101.74262464478637, 29, 33637, 1311
-86.73014066977686, 28, 33665, 1312
-64.87167469889968, 19, 33684, 1313
-67.01534343693893, 36, 33720, 1314
-87.9400534217092, 37, 33757, 1315
-108.67444754801824, 32, 33789, 1316
-95.15132356116354, 18, 33807, 1317
-131.74346703115242, 31, 33838, 1318
-68.72516406856384, 29, 33867, 1319
-105.89748122785828, 29, 33896, 1320
-99.67405597362365, 30, 33926, 1321
-93.93524825618378, 22, 33948, 1322
-94.57520202909969, 24, 33972, 1323
-94.45985935546837, 26, 33998, 1324
-90.62700264241187, 27, 34025, 1325
-81.31587776124825, 24, 34049, 1326
-160.53475109021505, 113, 34162, 1327
-52.468092107243294, 30, 34192, 1328
-62.13411685153332, 15, 34207, 1329
-52.56173836359707, 14, 34221, 1330
-61.78022033892731, 18, 34239, 1331
-49.14040683807194, 13, 34252, 1332
-80.9300542730761, 23, 34275, 1333
-41.942538214935965, 13, 34288, 1334
-54.395988132134576, 19, 34307, 1335
-50.69746016811685, 12, 34319, 1336
-53.67349581477612, 12, 34331, 1337
-102.65355619716054, 41, 34372, 1338
-66.82593869034001, 17, 34389, 1339
-59.690004593288464, 26, 34415, 1340
-79.52977562683643, 25, 34440, 1341
-95.40264100548534, 22, 34462, 1342
-62.32677200703996, 23, 34485, 1343
-65.59446275566067, 15, 34500, 1344
-94.49994035534601, 23, 34523, 1345
-72.35568382778986, 13, 34536, 1346
-70.1639582252227, 24, 34560, 1347
-74.98386442899388, 27, 34587, 1348
-80.85713299517764, 27, 34614, 1349
-64.97438214340875, 37, 34651, 1350
-105.29511124860484, 22, 34673, 1351
-62.56294706088049, 11, 34684, 1352
-112.17322841228565, 18, 34702, 1353
-56.53243142812357, 9, 34711, 1354
-76.05297303354568, 7, 34718, 1355
-49.71545970081962, 9, 34727, 1356
-57.79676692794581, 14, 34741, 1357
-56.29176363387785, 11, 34752, 1358
-56.318322091588584, 11, 34763, 1359
-49.03759084826447, 11, 34774, 1360
-100.37208472284334, 17, 34791, 1361
-67.36914216474098, 10, 34801, 1362
-57.34004941770806, 11, 34812, 1363
-152.27286205209742, 19, 34831, 1364
-126.09476214670742, 17, 34848, 1365
-97.0227327930835, 17, 34865, 1366
-88.36487317862606, 14, 34879, 1367
-122.05197456859182, 15, 34894, 1368
-91.01751550379468, 13, 34907, 1369
-109.84785790189619, 16, 34923, 1370
-79.35562047099545, 12, 34935, 1371
-96.05674639825317, 15, 34950, 1372
-93.28912835707314, 37, 34987, 1373
-95.48756234192744, 12, 34999, 1374
-105.81039512463668, 14, 35013, 1375
-99.2228159225715, 17, 35030, 1376
-87.86526132050163, 28, 35058, 1377
-89.11935939040376, 15, 35073, 1378
-88.429967254813, 16, 35089, 1379
-78.8600219518279, 10, 35099, 1380
-79.87505837508998, 26, 35125, 1381
-72.98576127811579, 27, 35152, 1382
-84.49715440551842, 45, 35197, 1383
-80.27371756007398, 35, 35232, 1384
-82.48693606466851, 33, 35265, 1385
-88.33529391701276, 33, 35298, 1386
-130.02059753321632, 31, 35329, 1387
-118.30628718693035, 19, 35348, 1388
-116.20753700424231, 13, 35361, 1389
-98.04575841288475, 13, 35374, 1390
-81.49182369160222, 9, 35383, 1391
-78.74590466812727, 12, 35395, 1392
-94.76746158721845, 15, 35410, 1393
-141.16176156068903, 14, 35424, 1394
-75.77974795645986, 24, 35448, 1395
-127.1642902834541, 43, 35491, 1396
-97.0871471312293, 20, 35511, 1397
-77.09323738735812, 34, 35545, 1398
-129.8482454502551, 55, 35600, 1399
-75.87705756465724, 18, 35618, 1400
-73.2923717351337, 16, 35634, 1401
-76.34388331405731, 23, 35657, 1402
-116.52635514806313, 34, 35691, 1403
-86.53987350484613, 38, 35729, 1404
-108.86849895773551, 37, 35766, 1405
-129.90248882585712, 34, 35800, 1406
-93.11343569067333, 38, 35838, 1407
-106.23754291686325, 51, 35889, 1408
-109.55582909384638, 37, 35926, 1409
-102.21850952878263, 29, 35955, 1410
-101.08166582138125, 26, 35981, 1411
-106.0499646315823, 29, 36010, 1412
-74.99889640970487, 27, 36037, 1413
-88.25539944320553, 28, 36065, 1414
-81.36112762449862, 24, 36089, 1415
-75.00168459295352, 42, 36131, 1416
-86.5801866891367, 36, 36167, 1417
-73.19942212483824, 17, 36184, 1418
-105.53158357530187, 40, 36224, 1419
-77.0178494200227, 34, 36258, 1420
-108.43038130015778, 31, 36289, 1421
-123.08606811357436, 35, 36324, 1422
-119.87166766728727, 33, 36357, 1423
-102.79724534588105, 29, 36386, 1424
-88.81915660668454, 31, 36417, 1425
-69.6652442364919, 50, 36467, 1426
-98.82908622554815, 26, 36493, 1427
-89.22657026441563, 35, 36528, 1428
-69.03657943650636, 78, 36606, 1429
-106.54511442570104, 29, 36635, 1430
-89.7203830218588, 17, 36652, 1431
-94.52209287410128, 20, 36672, 1432
-103.18826913234247, 21, 36693, 1433
-102.7459365680587, 30, 36723, 1434
-110.15774719555914, 18, 36741, 1435
-122.14872142567863, 22, 36763, 1436
-92.95649997394236, 21, 36784, 1437
-140.69843595067078, 17, 36801, 1438
-56.323416740852394, 10, 36811, 1439
-97.7899879961074, 20, 36831, 1440
-64.20495373854344, 14, 36845, 1441
-125.07695563084326, 24, 36869, 1442
-80.06115495253134, 16, 36885, 1443
-82.0730525421537, 17, 36902, 1444
-93.57193678020835, 31, 36933, 1445
-91.81949347594653, 25, 36958, 1446
-104.4464261337297, 27, 36985, 1447
-77.45813437924895, 22, 37007, 1448
-80.03465006605836, 22, 37029, 1449
-76.50882939677061, 24, 37053, 1450
-63.464417220235134, 22, 37075, 1451
-111.81917528302023, 84, 37159, 1452
-94.32619835259501, 139, 37298, 1453
-94.9915512109417, 11, 37309, 1454
-79.838858795042, 5, 37314, 1455
-59.66513113947123, 9, 37323, 1456
-104.7806985728301, 18, 37341, 1457
-82.4491565277166, 27, 37368, 1458
-60.64707199394533, 28, 37396, 1459
-136.32048268788645, 32, 37428, 1460
-111.1187630216996, 18, 37446, 1461
-115.2446200388264, 16, 37462, 1462
-111.96211541208271, 14, 37476, 1463
-125.03147645655915, 13, 37489, 1464
-66.92402218083494, 7, 37496, 1465
-52.91492218319391, 6, 37502, 1466
-56.80058894260043, 5, 37507, 1467
-67.10130213693851, 4, 37511, 1468
-67.37903172273988, 4, 37515, 1469
-47.16502438794265, 3, 37518, 1470
-83.0835858554817, 4, 37522, 1471
-94.62879894434707, 4, 37526, 1472
-52.3708495664787, 3, 37529, 1473
-88.84376786119908, 4, 37533, 1474
-100.71664615162696, 4, 37537, 1475
-81.47488317878398, 4, 37541, 1476
-82.75799802157877, 4, 37545, 1477
-46.75064507186676, 4, 37549, 1478
-161.55082844371606, 35, 37584, 1479
-54.94001895190564, 10, 37594, 1480
-36.6061065965247, 9, 37603, 1481
-48.42656633518558, 9, 37612, 1482
-64.08943233750925, 8, 37620, 1483
-63.50274876964093, 7, 37627, 1484
-66.74074380746653, 6, 37633, 1485
-62.79556595094192, 5, 37638, 1486
-57.611537644473074, 5, 37643, 1487
-56.44407244117275, 4, 37647, 1488
-45.315519030419296, 4, 37651, 1489
-71.00645372741276, 5, 37656, 1490
-68.59908392444268, 4, 37660, 1491
-63.745660617621596, 4, 37664, 1492
-64.4974410613618, 4, 37668, 1493
-67.39860470151903, 4, 37672, 1494
-68.748004238902, 4, 37676, 1495
-67.3961685459134, 4, 37680, 1496
-76.38549355175542, 4, 37684, 1497
-69.94527078452442, 4, 37688, 1498
-70.69224130466537, 5, 37693, 1499
-46.92634358271789, 4, 37697, 1500
-74.2654083162185, 7, 37704, 1501
-65.2029484944137, 8, 37712, 1502
-120.2951946777219, 17, 37729, 1503
-80.12162180117201, 20, 37749, 1504
-58.22893196230616, 13, 37762, 1505
-48.46172862233743, 12, 37774, 1506
-48.8081029244222, 12, 37786, 1507
-57.45926169117695, 11, 37797, 1508
-60.680475327824226, 11, 37808, 1509
-59.83941096370444, 10, 37818, 1510
-48.87514089471104, 8, 37826, 1511
-57.44126763538233, 8, 37834, 1512
-67.51976907393924, 7, 37841, 1513
-47.90283105716462, 8, 37849, 1514
-86.08239085361902, 7, 37856, 1515
-53.15247942064211, 7, 37863, 1516
-75.5223185844585, 7, 37870, 1517
-87.85531552708008, 7, 37877, 1518
-76.23458316214908, 7, 37884, 1519
-65.0163319403363, 7, 37891, 1520
-64.75098110996058, 7, 37898, 1521
-87.99580587944149, 8, 37906, 1522
-71.40418020153461, 8, 37914, 1523
-58.133131051698044, 7, 37921, 1524
-85.21815144516431, 9, 37930, 1525
-65.94704570067492, 9, 37939, 1526
-50.78139795129218, 8, 37947, 1527
-87.8935654582746, 9, 37956, 1528
-54.50160391703406, 13, 37969, 1529
-67.354836671282, 8, 37977, 1530
-42.82202745409876, 12, 37989, 1531
-43.35763432949527, 10, 37999, 1532
-67.2998416254012, 14, 38013, 1533
-82.8699385732466, 11, 38024, 1534
-36.68513533468044, 10, 38034, 1535
-79.03055275535905, 16, 38050, 1536
-78.22751833707059, 14, 38064, 1537
-61.49017813470152, 11, 38075, 1538
-54.84783350481827, 12, 38087, 1539
-66.9119906650451, 24, 38111, 1540
-65.7130025042575, 14, 38125, 1541
-43.49742329383652, 19, 38144, 1542
-49.59654601959656, 12, 38156, 1543
-58.00448576750014, 13, 38169, 1544
-56.43896513906704, 11, 38180, 1545
-51.372783825427675, 7, 38187, 1546
-65.93954888972611, 15, 38202, 1547
-47.48479550370867, 14, 38216, 1548
-44.70284225821018, 13, 38229, 1549
-46.521531739147264, 13, 38242, 1550
-58.99095058539196, 15, 38257, 1551
-66.51156951062916, 10, 38267, 1552
-53.6448887919024, 18, 38285, 1553
-59.863143127740344, 17, 38302, 1554
-51.237523200339794, 18, 38320, 1555
-57.213713870390706, 16, 38336, 1556
-51.68936671905108, 11, 38347, 1557
-120.20527044346579, 19, 38366, 1558
-74.22790711295292, 11, 38377, 1559
-51.932504451277524, 7, 38384, 1560
-59.02499714479177, 6, 38390, 1561
-61.97471894132242, 10, 38400, 1562
-99.09649031714842, 24, 38424, 1563
-68.48229287519004, 7, 38431, 1564
-60.3438360728218, 11, 38442, 1565
-57.007083454845855, 6, 38448, 1566
-64.89882029559958, 6, 38454, 1567
-43.11555865099969, 9, 38463, 1568
-62.1391218119107, 9, 38472, 1569
-50.356131374280935, 4, 38476, 1570
-56.87709718310842, 16, 38492, 1571
-71.37446527364801, 11, 38503, 1572
-62.298570583425814, 13, 38516, 1573
-47.36535907727834, 9, 38525, 1574
-54.91460674480571, 8, 38533, 1575
-58.7681928016552, 11, 38544, 1576
-56.14780574916047, 6, 38550, 1577
-43.22238880505765, 17, 38567, 1578
-64.46232575121009, 15, 38582, 1579
-69.39977762837579, 11, 38593, 1580
-63.12503313660471, 15, 38608, 1581
-62.25576687679471, 11, 38619, 1582
-61.306804615063655, 10, 38629, 1583
-58.044983034609814, 7, 38636, 1584
-67.04492652305312, 7, 38643, 1585
-55.20565090269898, 8, 38651, 1586
-46.80754173138688, 11, 38662, 1587
-65.12584614143272, 6, 38668, 1588
-54.81012088569699, 9, 38677, 1589
-71.99422777401907, 7, 38684, 1590
-49.77000173409074, 6, 38690, 1591
-76.34219275306947, 7, 38697, 1592
-48.41326471963285, 9, 38706, 1593
-63.16691440636994, 17, 38723, 1594
-59.41877593679848, 8, 38731, 1595
-41.785446987419945, 17, 38748, 1596
-48.04401917496797, 16, 38764, 1597
-51.893619126122275, 17, 38781, 1598
-53.89982711758066, 20, 38801, 1599
-43.96215405342467, 14, 38815, 1600
-90.32311873314939, 20, 38835, 1601
-58.57542239983289, 9, 38844, 1602
-63.94060127898257, 15, 38859, 1603
-54.883530109524514, 15, 38874, 1604
-47.88620207757944, 8, 38882, 1605
-53.40404535548004, 7, 38889, 1606
-39.76749837457206, 13, 38902, 1607
-45.22236285825478, 13, 38915, 1608
-52.89425544228173, 11, 38926, 1609
-67.91144255091858, 11, 38937, 1610
-87.70081167137995, 13, 38950, 1611
-83.101379312942, 8, 38958, 1612
-75.78090881659534, 7, 38965, 1613
-68.1537174895503, 6, 38971, 1614
-69.52985481604664, 7, 38978, 1615
-63.28179873050864, 6, 38984, 1616
-71.82974496097032, 7, 38991, 1617
-51.89999812159378, 7, 38998, 1618
-59.31297366508396, 7, 39005, 1619
-76.16112435948793, 9, 39014, 1620
-66.3868351583973, 6, 39020, 1621
-74.3458216466226, 6, 39026, 1622
-68.11275838607784, 7, 39033, 1623
-66.92328074712044, 6, 39039, 1624
-61.241911067887216, 10, 39049, 1625
-81.52944040552761, 9, 39058, 1626
-64.3985820516987, 8, 39066, 1627
-65.53550917164316, 7, 39073, 1628
-76.0656261213257, 8, 39081, 1629
-84.85246332159143, 9, 39090, 1630
-68.9721828772484, 7, 39097, 1631
-65.53478754257391, 10, 39107, 1632
-93.19047896497544, 14, 39121, 1633
-82.48650318212768, 14, 39135, 1634
-153.6739350681571, 18, 39153, 1635
-80.00414986761243, 8, 39161, 1636
-78.14709608230906, 13, 39174, 1637
-67.04611556785984, 12, 39186, 1638
-47.83829323866506, 16, 39202, 1639
-58.32784514842345, 9, 39211, 1640
-86.37554311454096, 13, 39224, 1641
-45.843164132856415, 10, 39234, 1642
-57.61634804689834, 10, 39244, 1643
-88.11486975373555, 20, 39264, 1644
-59.34028422753755, 13, 39277, 1645
-74.65978401505289, 15, 39292, 1646
-60.690870345061256, 9, 39301, 1647
-59.32230731434878, 12, 39313, 1648
-43.27422669729444, 10, 39323, 1649
-60.670097619534715, 15, 39338, 1650
-52.42316555267912, 9, 39347, 1651
-61.01277794869958, 13, 39360, 1652
-94.25974108456892, 15, 39375, 1653
-84.25830261263918, 15, 39390, 1654
-50.44010182432032, 11, 39401, 1655
-60.36644880327458, 8, 39409, 1656
-50.35641101539859, 12, 39421, 1657
-71.47870017312499, 8, 39429, 1658
-54.73997701082979, 9, 39438, 1659
-66.15237387765518, 8, 39446, 1660
-65.71456042411107, 12, 39458, 1661
-57.88232020274961, 11, 39469, 1662
-52.50439590903078, 6, 39475, 1663
-64.34583079979859, 10, 39485, 1664
-58.73066271233306, 7, 39492, 1665
-63.757314861389105, 9, 39501, 1666
-73.8768698058881, 10, 39511, 1667
-85.28282109682422, 9, 39520, 1668
-85.90657956700205, 9, 39529, 1669
-54.94328840502426, 8, 39537, 1670
-58.53484473310239, 7, 39544, 1671
-70.0611321859337, 10, 39554, 1672
-80.62050120658633, 7, 39561, 1673
-60.052885000325205, 8, 39569, 1674
-73.87983014074834, 8, 39577, 1675
-73.1689412244959, 8, 39585, 1676
-67.95911242152407, 8, 39593, 1677
-59.05264267198092, 8, 39601, 1678
-55.08955708838435, 7, 39608, 1679
-62.89467325879009, 8, 39616, 1680
-74.3432335548065, 9, 39625, 1681
-67.25801175987378, 9, 39634, 1682
-55.7337340620068, 7, 39641, 1683
-67.62690347248089, 8, 39649, 1684
-76.31681018153898, 7, 39656, 1685
-69.7709951733998, 8, 39664, 1686
-78.39272263797191, 7, 39671, 1687
-53.448797213895105, 7, 39678, 1688
-82.4053570918791, 9, 39687, 1689
-81.17517454168024, 8, 39695, 1690
-61.02871782220596, 9, 39704, 1691
-56.26902123193972, 8, 39712, 1692
-70.06985821556476, 10, 39722, 1693
-61.056873839344945, 8, 39730, 1694
-51.33452946689786, 9, 39739, 1695
-82.73754262727792, 9, 39748, 1696
-57.561260971633246, 7, 39755, 1697
-66.10244370544137, 8, 39763, 1698
-57.024937302726, 8, 39771, 1699
-65.13701192752919, 7, 39778, 1700
-56.766435570677345, 10, 39788, 1701
-73.34152732938179, 9, 39797, 1702
-55.421481619372486, 8, 39805, 1703
-52.30120283621602, 7, 39812, 1704
-67.64644696296067, 10, 39822, 1705
-50.98061325819039, 7, 39829, 1706
-57.997705623639106, 7, 39836, 1707
-69.3386307951436, 9, 39845, 1708
-77.55144838184222, 9, 39854, 1709
-57.0034023766344, 10, 39864, 1710
-58.08659933530983, 9, 39873, 1711
-64.53579577357736, 7, 39880, 1712
-70.31846589876174, 8, 39888, 1713
-61.39845195749771, 9, 39897, 1714
-65.59904691483048, 7, 39904, 1715
-87.16913295252645, 11, 39915, 1716
-70.91018927603074, 8, 39923, 1717
-62.93281850135244, 10, 39933, 1718
-81.17393909007816, 10, 39943, 1719
-79.4868471607004, 9, 39952, 1720
-86.34679349500239, 9, 39961, 1721
-70.52990802970761, 10, 39971, 1722
-75.31917285690291, 16, 39987, 1723
-67.24704875724491, 15, 40002, 1724
-71.57995046918877, 8, 40010, 1725
-63.41813292663787, 10, 40020, 1726
-66.92428629985308, 11, 40031, 1727
-83.09838024265538, 8, 40039, 1728
-61.22798067297005, 10, 40049, 1729
-73.70640096342214, 12, 40061, 1730
-49.98059427616809, 8, 40069, 1731
-59.67824483852226, 12, 40081, 1732
-82.00783364201698, 10, 40091, 1733
-64.08615401442141, 12, 40103, 1734
-80.0134795648119, 11, 40114, 1735
-62.430356690183544, 11, 40125, 1736
-62.4604984492921, 8, 40133, 1737
-54.43237929822729, 7, 40140, 1738
-82.48130655051874, 18, 40158, 1739
-52.62721654701508, 10, 40168, 1740
-69.40237246853101, 9, 40177, 1741
-89.69260475120649, 14, 40191, 1742
-69.91144158544706, 15, 40206, 1743
-59.48071682194595, 11, 40217, 1744
-81.43598163344713, 10, 40227, 1745
-54.63589671552782, 10, 40237, 1746
-65.78423209125312, 10, 40247, 1747
-63.2786900391892, 10, 40257, 1748
-76.99717671368127, 8, 40265, 1749
-58.66491617197376, 8, 40273, 1750
-68.11411907564157, 8, 40281, 1751
-68.26125859608275, 11, 40292, 1752
-66.23780693022304, 7, 40299, 1753
-87.18166377864797, 9, 40308, 1754
-83.5783553756307, 14, 40322, 1755
-58.18795074376155, 9, 40331, 1756
-80.87208763574061, 9, 40340, 1757
-83.73649835781194, 13, 40353, 1758
-59.84171909729753, 7, 40360, 1759
-72.71627355000824, 8, 40368, 1760
-64.11198489908422, 11, 40379, 1761
-78.11275787650636, 11, 40390, 1762
-56.66500628415264, 11, 40401, 1763
-80.46592416447282, 8, 40409, 1764
-52.58251136325157, 9, 40418, 1765
-80.10027043701854, 10, 40428, 1766
-77.57700040819486, 8, 40436, 1767
-65.50305728150711, 12, 40448, 1768
-89.59912737806569, 27, 40475, 1769
-71.79667483287552, 13, 40488, 1770
-78.40212149687581, 10, 40498, 1771
-63.542597000388525, 13, 40511, 1772
-78.64973506677053, 9, 40520, 1773
-75.34779611377182, 8, 40528, 1774
-64.86882994616614, 8, 40536, 1775
-62.605166013591784, 11, 40547, 1776
-78.46697454416194, 10, 40557, 1777
-65.17204659803127, 10, 40567, 1778
-51.752343640260676, 9, 40576, 1779
-53.27448659586871, 9, 40585, 1780
-75.04884801228322, 9, 40594, 1781
-54.68030248551287, 7, 40601, 1782
-74.43595150416456, 7, 40608, 1783
-49.76348553367572, 9, 40617, 1784
-67.65476560214125, 9, 40626, 1785
-68.95080683829647, 16, 40642, 1786
-57.134958956710165, 8, 40650, 1787
-58.84955216270512, 18, 40668, 1788
-80.66867234087603, 25, 40693, 1789
-54.43467777823571, 7, 40700, 1790
-71.73786419030513, 15, 40715, 1791
-63.398815544092955, 14, 40729, 1792
-80.34510074963535, 15, 40744, 1793
-62.91102174706616, 8, 40752, 1794
-80.09226528785881, 11, 40763, 1795
-79.21638316365119, 13, 40776, 1796
-64.14312215931844, 8, 40784, 1797
-66.46751347334956, 13, 40797, 1798
-83.11045052560544, 17, 40814, 1799
-64.861092268712, 12, 40826, 1800
-63.27136749408311, 9, 40835, 1801
-63.16736426701475, 13, 40848, 1802
-66.92385190302659, 9, 40857, 1803
-68.50536397004213, 22, 40879, 1804
-58.60738907638705, 22, 40901, 1805
-84.54091289083053, 12, 40913, 1806
-62.65714635311667, 10, 40923, 1807
-69.83778787143578, 8, 40931, 1808
-76.516997038012, 18, 40949, 1809
-77.34306066711532, 17, 40966, 1810
-67.1454810494076, 13, 40979, 1811
-53.24945951138176, 8, 40987, 1812
-83.77127206425143, 10, 40997, 1813
-63.70626211852915, 8, 41005, 1814
-69.8793884017524, 15, 41020, 1815
-71.77472986858795, 15, 41035, 1816
-56.30128183291596, 8, 41043, 1817
-67.90919298282375, 11, 41054, 1818
-83.25782177383601, 13, 41067, 1819
-89.81377242383935, 18, 41085, 1820
-84.62867867605084, 13, 41098, 1821
-60.12416871982836, 10, 41108, 1822
-71.24269158247102, 16, 41124, 1823
-72.18043105381994, 15, 41139, 1824
-48.628362116820014, 17, 41156, 1825
-89.63685251243874, 18, 41174, 1826
-70.07107825209602, 14, 41188, 1827
-79.93280095071313, 16, 41204, 1828
-63.8846534162348, 13, 41217, 1829
-79.38580718762147, 14, 41231, 1830
-93.83742393574018, 22, 41253, 1831
-64.49600169332307, 13, 41266, 1832
-88.27555027704321, 28, 41294, 1833
-68.82502746423405, 11, 41305, 1834
-68.99102556783475, 13, 41318, 1835
-112.76841199169318, 22, 41340, 1836
-59.48796489280113, 9, 41349, 1837
-118.62170331908146, 23, 41372, 1838
-51.193539123711815, 18, 41390, 1839
-84.02625081019828, 31, 41421, 1840
-50.70045600982532, 10, 41431, 1841
-77.48507528763099, 6, 41437, 1842
-54.50668392145282, 4, 41441, 1843
-76.69744046807075, 5, 41446, 1844
-58.45679869298394, 5, 41451, 1845
-80.3736983182327, 5, 41456, 1846
-49.30632654838057, 4, 41460, 1847
-56.840035175187325, 5, 41465, 1848
-71.23942156270779, 5, 41470, 1849
-45.81121545288994, 5, 41475, 1850
-49.09555298214734, 4, 41479, 1851
-75.3600783744762, 6, 41485, 1852
-70.27761572793345, 5, 41490, 1853
-58.571526885299505, 5, 41495, 1854
-64.18380671831422, 5, 41500, 1855
-47.96571212024318, 5, 41505, 1856
-49.81462283328092, 5, 41510, 1857
-59.42125254324047, 5, 41515, 1858
-61.94792261244466, 6, 41521, 1859
-56.20694361187688, 5, 41526, 1860
-72.25491594922545, 6, 41532, 1861
-64.27188268305208, 6, 41538, 1862
-48.759658256352054, 5, 41543, 1863
-62.06988656957989, 7, 41550, 1864
-55.91917431526369, 6, 41556, 1865
-48.95698969985787, 6, 41562, 1866
-52.3589641063225, 5, 41567, 1867
-54.03178731369053, 6, 41573, 1868
-56.30958788220866, 6, 41579, 1869
-54.29595233720882, 6, 41585, 1870
-66.05769128263965, 7, 41592, 1871
-72.02351922326336, 7, 41599, 1872
-62.26446024657811, 6, 41605, 1873
-53.39703023064068, 6, 41611, 1874
-50.18564811693942, 6, 41617, 1875
-53.59747293186203, 5, 41622, 1876
-55.99642606958277, 5, 41627, 1877
-65.91810123816835, 6, 41633, 1878
-57.382481772453175, 5, 41638, 1879
-67.10295943939101, 6, 41644, 1880
-50.206806869494685, 5, 41649, 1881
-60.32708611642697, 6, 41655, 1882
-51.23835322016106, 5, 41660, 1883
-68.36555678644459, 6, 41666, 1884
-44.871514114601894, 5, 41671, 1885
-66.7815287947051, 5, 41676, 1886
-46.58125870630364, 5, 41681, 1887
-56.2072605041007, 5, 41686, 1888
-61.4065624097708, 6, 41692, 1889
-59.33367565970393, 5, 41697, 1890
-47.106570350121544, 5, 41702, 1891
-67.61819360769664, 5, 41707, 1892
-50.801066742516596, 5, 41712, 1893
-50.27103368717164, 5, 41717, 1894
-47.37155825639839, 5, 41722, 1895
-69.13528868450598, 5, 41727, 1896
-52.43888149687017, 5, 41732, 1897
-64.16736290436639, 6, 41738, 1898
-45.01574333638189, 5, 41743, 1899
-72.44814013868023, 7, 41750, 1900
-45.6997050811146, 7, 41757, 1901
-64.31494709486202, 6, 41763, 1902
-62.6819727949767, 6, 41769, 1903
-56.972086547894776, 6, 41775, 1904
-60.32369947066407, 6, 41781, 1905
-52.69790171875442, 5, 41786, 1906
-47.54437107995308, 8, 41794, 1907
-51.41701007734213, 5, 41799, 1908
-53.29807177626513, 5, 41804, 1909
-52.428722758826396, 5, 41809, 1910
-76.91668604937341, 6, 41815, 1911
-51.35901216692304, 5, 41820, 1912
-70.97538166101785, 6, 41826, 1913
-67.18797715523813, 6, 41832, 1914
-47.95747847668359, 6, 41838, 1915
-45.92401791373007, 5, 41843, 1916
-52.87325112280122, 6, 41849, 1917
-44.599439422184375, 5, 41854, 1918
-49.472108361684164, 5, 41859, 1919
-48.73883732928604, 6, 41865, 1920
-57.3390203474203, 6, 41871, 1921
-62.046568400666544, 7, 41878, 1922
-46.736877143620816, 6, 41884, 1923
-54.67559794530793, 6, 41890, 1924
-45.72658942569497, 8, 41898, 1925
-74.38258039041031, 7, 41905, 1926
-49.91749591277184, 12, 41917, 1927
-65.19190314493798, 11, 41928, 1928
-63.48760491803283, 12, 41940, 1929
-78.08330979801028, 13, 41953, 1930
-73.67093563003593, 9, 41962, 1931
-82.99984884533607, 11, 41973, 1932
-87.72998584781007, 10, 41983, 1933
-63.50533442727787, 7, 41990, 1934
-75.59217827207618, 9, 41999, 1935
-80.97506989110315, 9, 42008, 1936
-85.3539009564686, 7, 42015, 1937
-82.54228724628149, 8, 42023, 1938
-77.12358239058148, 7, 42030, 1939
-68.6991029905397, 7, 42037, 1940
-56.38160758315337, 6, 42043, 1941
-57.36199965404474, 6, 42049, 1942
-73.06183664355373, 6, 42055, 1943
-75.32878235715742, 6, 42061, 1944
-73.47770020391557, 7, 42068, 1945
-76.71854943272251, 6, 42074, 1946
-49.406606071232275, 5, 42079, 1947
-71.14146016724774, 6, 42085, 1948
-50.84585707814554, 5, 42090, 1949
-73.64395823351792, 6, 42096, 1950
-79.33538054497475, 6, 42102, 1951
-77.09675979359169, 7, 42109, 1952
-71.42321637827308, 6, 42115, 1953
-49.636666435404706, 5, 42120, 1954
-59.83802643189364, 6, 42126, 1955
-73.33997065800688, 6, 42132, 1956
-73.01649371873296, 6, 42138, 1957
-81.0869659384867, 6, 42144, 1958
-80.3448026081184, 6, 42150, 1959
-62.60076808067403, 6, 42156, 1960
-58.85047062317092, 6, 42162, 1961
-63.47921387446689, 6, 42168, 1962
-77.433076385364, 7, 42175, 1963
-82.62862795254478, 7, 42182, 1964
-58.52463796809168, 7, 42189, 1965
-53.5117390370543, 6, 42195, 1966
-54.60122043417428, 8, 42203, 1967
-57.891622693046614, 7, 42210, 1968
-57.25732312062853, 7, 42217, 1969
-63.56264092472017, 7, 42224, 1970
-58.1034835620563, 12, 42236, 1971
-58.17013449141726, 8, 42244, 1972
-65.60711347106128, 9, 42253, 1973
-74.60814436508784, 7, 42260, 1974
-85.70346456204206, 7, 42267, 1975
-61.32932802886593, 7, 42274, 1976
-57.16497357633962, 12, 42286, 1977
-57.55945572458579, 8, 42294, 1978
-75.74829566251452, 11, 42305, 1979
-70.78011044819853, 9, 42314, 1980
-84.62167676483382, 8, 42322, 1981
-63.880141735452014, 7, 42329, 1982
-60.268617495775985, 7, 42336, 1983
-80.48704411966973, 7, 42343, 1984
-79.82181645922914, 9, 42352, 1985
-79.92367215253886, 9, 42361, 1986
-81.40172251402582, 9, 42370, 1987
-81.90233035845303, 7, 42377, 1988
-73.66429935905252, 8, 42385, 1989
-78.42035137767809, 7, 42392, 1990
-55.70565162285689, 7, 42399, 1991
-80.60614585871498, 8, 42407, 1992
-61.10967015668628, 8, 42415, 1993
-54.12320497158582, 9, 42424, 1994
-59.840966644362794, 6, 42430, 1995
-67.11434757270915, 7, 42437, 1996
-55.2599483266696, 9, 42446, 1997
-51.682390540765795, 6, 42452, 1998
-76.93025728263692, 8, 42460, 1999
-70.85413399238853, 9, 42469, 2000
-63.82318466508501, 7, 42476, 2001
-57.68542111160784, 7, 42483, 2002
-78.24417082604548, 8, 42491, 2003
-56.19158628202662, 6, 42497, 2004
-80.79047167817556, 7, 42504, 2005
-79.6925165637974, 8, 42512, 2006
-68.201289747728, 7, 42519, 2007
-67.14341189838123, 9, 42528, 2008
-54.60357450370424, 7, 42535, 2009
-77.927949001582, 8, 42543, 2010
-56.24252801444783, 8, 42551, 2011
-67.24128558110621, 7, 42558, 2012
-83.23974023522346, 15, 42573, 2013
-74.91292911918421, 9, 42582, 2014
-68.20372866978666, 13, 42595, 2015
-81.23454106591645, 8, 42603, 2016
-59.03151716831552, 12, 42615, 2017
-71.23102513417749, 14, 42629, 2018
-83.42297996850633, 10, 42639, 2019
-64.78661267281531, 10, 42649, 2020
-77.31000516448347, 15, 42664, 2021
-94.42054134427174, 15, 42679, 2022
-63.09147869790792, 20, 42699, 2023
-67.60637101819597, 11, 42710, 2024
-72.14178348112924, 24, 42734, 2025
-72.21390277702596, 9, 42743, 2026
-74.96551669698299, 10, 42753, 2027
-70.22238690008244, 18, 42771, 2028
-70.76030380016768, 11, 42782, 2029
-70.22363435481793, 18, 42800, 2030
-57.22855723032119, 13, 42813, 2031
-61.45540084509051, 10, 42823, 2032
-82.72741814333806, 19, 42842, 2033
-79.09511416566588, 9, 42851, 2034
-57.63922006841213, 10, 42861, 2035
-81.89240690247438, 12, 42873, 2036
-64.85503570517587, 8, 42881, 2037
-59.65719565734126, 7, 42888, 2038
-71.57245277762179, 8, 42896, 2039
-67.28247371594726, 13, 42909, 2040
-73.32419838179206, 13, 42922, 2041
-59.62055219566331, 14, 42936, 2042
-57.33274238966075, 16, 42952, 2043
-72.16670264872427, 18, 42970, 2044
-58.42633049965393, 8, 42978, 2045
-56.47862148902398, 12, 42990, 2046
-81.84989219045612, 8, 42998, 2047
-85.56459319343737, 9, 43007, 2048
-57.58574710076516, 7, 43014, 2049
-72.64017124462775, 10, 43024, 2050
-64.89870878086933, 15, 43039, 2051
-83.49916072085435, 13, 43052, 2052
-46.45743406854777, 12, 43064, 2053
-57.408850919824204, 9, 43073, 2054
-64.73283128765168, 8, 43081, 2055
-55.173500738689114, 12, 43093, 2056
-61.43057332485391, 14, 43107, 2057
-76.22254271502989, 20, 43127, 2058
-73.27051968669998, 8, 43135, 2059
-56.158468066919625, 8, 43143, 2060
-51.43854878873164, 11, 43154, 2061
-75.29524042196854, 7, 43161, 2062
-58.53441827529409, 17, 43178, 2063
-53.64062347911897, 6, 43184, 2064
-52.657732706271005, 13, 43197, 2065
-60.15032106385732, 14, 43211, 2066
-71.37819969970451, 15, 43226, 2067
-57.33469167060157, 16, 43242, 2068
-72.03526449472434, 20, 43262, 2069
-54.56478552809102, 7, 43269, 2070
-63.63027109197013, 13, 43282, 2071
-71.95408897328086, 12, 43294, 2072
-64.54685733545311, 14, 43308, 2073
-68.97175712323055, 9, 43317, 2074
-65.62140997538805, 9, 43326, 2075
-65.43534938334382, 15, 43341, 2076
-76.02657167774794, 9, 43350, 2077
-70.94188315406143, 9, 43359, 2078
-50.13566674912518, 12, 43371, 2079
-56.067713278742346, 14, 43385, 2080
-49.96600206645681, 14, 43399, 2081
-49.13026840377121, 11, 43410, 2082
-84.33923008230508, 10, 43420, 2083
-77.80596307059326, 18, 43438, 2084
-54.17161669597348, 16, 43454, 2085
-59.313495462545944, 13, 43467, 2086
-47.72736946972607, 10, 43477, 2087
-54.97960871043631, 13, 43490, 2088
-83.91997684199517, 9, 43499, 2089
-78.57088902454862, 14, 43513, 2090
-49.92094460478768, 12, 43525, 2091
-64.71502910170933, 11, 43536, 2092
-83.62943107799346, 7, 43543, 2093
-75.29747099868416, 11, 43554, 2094
-65.01851845017285, 9, 43563, 2095
-49.81638807076145, 11, 43574, 2096
-58.400151765004935, 10, 43584, 2097
-56.14484987724936, 18, 43602, 2098
-67.60183071787594, 8, 43610, 2099
-53.9647385965403, 10, 43620, 2100
-59.04182993505451, 10, 43630, 2101
-68.77062021470351, 15, 43645, 2102
-60.889049175474455, 10, 43655, 2103
-58.751977787375154, 14, 43669, 2104
-65.87448018052164, 15, 43684, 2105
-69.31884326882127, 12, 43696, 2106
-63.570624685427504, 13, 43709, 2107
-49.37159225294138, 12, 43721, 2108
-77.27598804201442, 8, 43729, 2109
-49.24815684846081, 19, 43748, 2110
-50.457143119318175, 17, 43765, 2111
-72.28180565652231, 18, 43783, 2112
-62.89823650365328, 11, 43794, 2113
-52.49835884764785, 8, 43802, 2114
-49.34766455403839, 17, 43819, 2115
-54.997821082352445, 13, 43832, 2116
-40.30821730399232, 23, 43855, 2117
-37.17224113359315, 15, 43870, 2118
-58.42538425273055, 18, 43888, 2119
-86.36060945040867, 35, 43923, 2120
-82.23652292438331, 15, 43938, 2121
-59.09714889055472, 15, 43953, 2122
-45.43600850070007, 10, 43963, 2123
-51.07287016195343, 13, 43976, 2124
-48.09047447920335, 14, 43990, 2125
-55.3090423735744, 23, 44013, 2126
-83.19213688201899, 19, 44032, 2127
-47.65460353028743, 13, 44045, 2128
-66.07956608939709, 13, 44058, 2129
-63.154084348023716, 19, 44077, 2130
-66.20200711042898, 18, 44095, 2131
-56.77287023693289, 21, 44116, 2132
-69.07289647185237, 20, 44136, 2133
-50.75441455420062, 12, 44148, 2134
-51.51905989785725, 19, 44167, 2135
-53.097408566583795, 15, 44182, 2136
-60.966864990342984, 15, 44197, 2137
-57.46556237908948, 14, 44211, 2138
-51.751495601867106, 14, 44225, 2139
-64.14297244593435, 16, 44241, 2140
-54.36966950125182, 16, 44257, 2141
-60.231683108211556, 17, 44274, 2142
-62.85418038748411, 12, 44286, 2143
-63.28827777717031, 14, 44300, 2144
-53.01540274955833, 19, 44319, 2145
-75.8800244579416, 25, 44344, 2146
-60.349420429997096, 13, 44357, 2147
-59.34364545211231, 14, 44371, 2148
-53.4822234145431, 18, 44389, 2149
-86.292958560743, 22, 44411, 2150
-54.855783520359864, 11, 44422, 2151
-63.941264042043784, 19, 44441, 2152
-68.06140642416452, 23, 44464, 2153
-53.37607057662581, 12, 44476, 2154
-48.53965366976851, 14, 44490, 2155
-62.64144905989703, 12, 44502, 2156
-71.93444088404746, 13, 44515, 2157
-57.74837398847225, 20, 44535, 2158
-56.382081702383076, 12, 44547, 2159
-60.957521997638366, 12, 44559, 2160
-54.900397461163095, 16, 44575, 2161
-61.2035103093703, 20, 44595, 2162
-82.58580821981312, 12, 44607, 2163
-59.7471844834687, 19, 44626, 2164
-50.819074126749584, 15, 44641, 2165
-48.83839264632371, 12, 44653, 2166
-51.55774737036914, 13, 44666, 2167
-56.85067424074731, 14, 44680, 2168
-59.58459137145745, 12, 44692, 2169
-61.94315530359546, 11, 44703, 2170
-60.4678682600332, 13, 44716, 2171
-73.1754612622747, 11, 44727, 2172
-50.77376672865256, 14, 44741, 2173
-52.38124398452477, 13, 44754, 2174
-55.40141106301533, 16, 44770, 2175
-49.8795292254249, 16, 44786, 2176
-43.49456050905452, 11, 44797, 2177
-57.13723686441767, 19, 44816, 2178
-60.427881138807535, 14, 44830, 2179
-47.53512279511078, 14, 44844, 2180
-48.151520969524384, 10, 44854, 2181
-82.05635685653867, 18, 44872, 2182
-58.71027137526802, 15, 44887, 2183
-49.477064432866555, 13, 44900, 2184
-56.81967495475824, 11, 44911, 2185
-64.44133899544354, 25, 44936, 2186
-60.44556647774975, 15, 44951, 2187
-50.31630103069752, 18, 44969, 2188
-60.66124255330358, 20, 44989, 2189
-45.76918345779532, 12, 45001, 2190
-70.4255303987717, 14, 45015, 2191
-61.92630165875791, 11, 45026, 2192
-50.18407133825377, 10, 45036, 2193
-66.51406538286864, 13, 45049, 2194
-59.14253434238866, 14, 45063, 2195
-61.411515019511285, 18, 45081, 2196
-68.51903870275457, 19, 45100, 2197
-77.29764704837535, 15, 45115, 2198
-65.99929776108766, 16, 45131, 2199
-58.36425182565108, 20, 45151, 2200
-62.60559819497523, 20, 45171, 2201
-66.38372299349726, 16, 45187, 2202
-63.39936783737883, 15, 45202, 2203
-79.83961587298005, 12, 45214, 2204
-71.53729224748048, 17, 45231, 2205
-58.47960661623283, 23, 45254, 2206
-81.19585754261585, 19, 45273, 2207
-63.33757077073898, 9, 45282, 2208
-66.24417726615569, 11, 45293, 2209
-56.05696658153121, 15, 45308, 2210
-73.56967213461495, 35, 45343, 2211
-79.12170943144986, 11, 45354, 2212
-67.13935281325035, 9, 45363, 2213
-55.31136522339388, 12, 45375, 2214
-77.46470543162559, 19, 45394, 2215
-61.816923727890796, 10, 45404, 2216
-57.90876923568881, 21, 45425, 2217
-78.48156641648032, 13, 45438, 2218
-78.93695915452312, 13, 45451, 2219
-61.05240184417433, 8, 45459, 2220
-52.86610677328724, 18, 45477, 2221
-52.3920933014567, 12, 45489, 2222
-53.83912360670749, 12, 45501, 2223
-52.86057535986451, 9, 45510, 2224
-52.1190913639299, 14, 45524, 2225
-42.522291991660666, 9, 45533, 2226
-54.44471131774819, 8, 45541, 2227
-66.75997540532293, 7, 45548, 2228
-80.660171405939, 9, 45557, 2229
-84.16390664045245, 8, 45565, 2230
-65.87736818576793, 6, 45571, 2231
-54.891281519568835, 6, 45577, 2232
-71.03578487722167, 6, 45583, 2233
-74.2000610451322, 6, 45589, 2234
-51.43335851255273, 6, 45595, 2235
-65.66877467073986, 15, 45610, 2236
-57.545993488148284, 8, 45618, 2237
-48.99764993797582, 6, 45624, 2238
-54.771818285890674, 7, 45631, 2239
-67.68847415362366, 8, 45639, 2240
-63.471573940670396, 6, 45645, 2241
-50.97072030915555, 6, 45651, 2242
-71.0659955546025, 6, 45657, 2243
-56.99206154558787, 5, 45662, 2244
-56.489215799276025, 5, 45667, 2245
-64.6780359495714, 5, 45672, 2246
-70.1125844773933, 5, 45677, 2247
-73.72411319673716, 5, 45682, 2248
-68.08586757195243, 5, 45687, 2249
-49.93234268036758, 4, 45691, 2250
-57.21797198917152, 4, 45695, 2251
-56.47634056021403, 4, 45699, 2252
-59.01272771590385, 4, 45703, 2253
-63.46754758623909, 4, 45707, 2254
-51.578377754748104, 4, 45711, 2255
-48.38470329032802, 4, 45715, 2256
-62.36893279931557, 4, 45719, 2257
-58.193495429472364, 4, 45723, 2258
-52.945742521996166, 4, 45727, 2259
-57.150723283845934, 4, 45731, 2260
-49.03614358096512, 4, 45735, 2261
-59.86510415600641, 4, 45739, 2262
-50.41523283329134, 4, 45743, 2263
-71.6253312800913, 5, 45748, 2264
-51.26313718180555, 4, 45752, 2265
-49.88083931795089, 4, 45756, 2266
-47.62815673479807, 4, 45760, 2267
-52.73159160829124, 4, 45764, 2268
-79.3136965921547, 5, 45769, 2269
-48.27867279988979, 4, 45773, 2270
-63.803220173979796, 5, 45778, 2271
-63.13105227778685, 5, 45783, 2272
-48.947400724471706, 5, 45788, 2273
-62.14812044970763, 5, 45793, 2274
-48.03990290668402, 5, 45798, 2275
-53.8989508479726, 8, 45806, 2276
-54.61141195544599, 9, 45815, 2277
-68.13419887925996, 7, 45822, 2278
-83.52172403419118, 8, 45830, 2279
-67.20545607102366, 7, 45837, 2280
-83.43366565543214, 8, 45845, 2281
-54.114327599581955, 7, 45852, 2282
-58.76877396039866, 7, 45859, 2283
-59.77078249659954, 7, 45866, 2284
-66.32537989281346, 7, 45873, 2285
-64.47863000450567, 6, 45879, 2286
-69.43542857903623, 7, 45886, 2287
-84.04053929961819, 7, 45893, 2288
-66.89144276167767, 7, 45900, 2289
-63.73398839908468, 6, 45906, 2290
-57.8534519264533, 6, 45912, 2291
-79.40833132231475, 7, 45919, 2292
-57.083321869146104, 7, 45926, 2293
-81.67150984217038, 8, 45934, 2294
-75.4095912776544, 7, 45941, 2295
-54.045051395377115, 7, 45948, 2296
-77.3456490115764, 7, 45955, 2297
-65.84493380853147, 8, 45963, 2298
-66.6457529929199, 9, 45972, 2299
-68.43371137448621, 8, 45980, 2300
-77.8215350004006, 9, 45989, 2301
-61.19749475561015, 9, 45998, 2302
-68.17748703650828, 9, 46007, 2303
-76.4855739460424, 11, 46018, 2304
-76.05882628375348, 10, 46028, 2305
-61.527562791036914, 9, 46037, 2306
-64.66871709115587, 9, 46046, 2307
-51.75850511046299, 9, 46055, 2308
-70.96922935708996, 9, 46064, 2309
-75.10567026012829, 10, 46074, 2310
-70.14358200518082, 12, 46086, 2311
-56.23596403690556, 13, 46099, 2312
-73.64713957570473, 14, 46113, 2313
-76.9205593772319, 14, 46127, 2314
-46.975481675312736, 14, 46141, 2315
-55.41621831271698, 13, 46154, 2316
-48.46707015866052, 22, 46176, 2317
-49.548188015863204, 15, 46191, 2318
-48.37141918862095, 13, 46204, 2319
-49.60155488456181, 14, 46218, 2320
-82.13189858016548, 24, 46242, 2321
-51.718110321388124, 16, 46258, 2322
-71.31403291176021, 14, 46272, 2323
-74.3106835534995, 10, 46282, 2324
-45.492134228778625, 11, 46293, 2325
-51.24274258630031, 10, 46303, 2326
-53.10304905518812, 11, 46314, 2327
-57.031773215203074, 10, 46324, 2328
-82.91931395427483, 9, 46333, 2329
-60.3501846578461, 9, 46342, 2330
-90.49391973325804, 9, 46351, 2331
-81.76040559871069, 8, 46359, 2332
-71.04972782366794, 10, 46369, 2333
-51.79266292902305, 8, 46377, 2334
-63.48727936579429, 8, 46385, 2335
-54.27759556456188, 7, 46392, 2336
-70.94361086144119, 8, 46400, 2337
-70.6728588565533, 8, 46408, 2338
-71.88114319437815, 8, 46416, 2339
-75.05136081230788, 8, 46424, 2340
-78.2294070810466, 8, 46432, 2341
-86.89937605427701, 9, 46441, 2342
-89.48366437711634, 9, 46450, 2343
-81.48780864852071, 8, 46458, 2344
-61.036458976619556, 7, 46465, 2345
-56.574782744005745, 8, 46473, 2346
-65.16097549193368, 9, 46482, 2347
-70.8864966790486, 8, 46490, 2348
-62.29132854876113, 8, 46498, 2349
-64.37745312037322, 8, 46506, 2350
-86.1045790632329, 10, 46516, 2351
-60.15852350331336, 9, 46525, 2352
-70.06699310761078, 9, 46534, 2353
-62.22053960267395, 10, 46544, 2354
-84.17471167478162, 11, 46555, 2355
-49.196853747206575, 8, 46563, 2356
-51.067701527288705, 10, 46573, 2357
-82.82274718434401, 10, 46583, 2358
-53.15588840039155, 12, 46595, 2359
-69.32574096306332, 11, 46606, 2360
-76.90085556812434, 11, 46617, 2361
-71.1660327030394, 13, 46630, 2362
-96.61633530716507, 12, 46642, 2363
-73.60054072847568, 10, 46652, 2364
-71.06221782592065, 9, 46661, 2365
-58.17767809625472, 12, 46673, 2366
-49.32138632676683, 8, 46681, 2367
-70.19712025218652, 11, 46692, 2368
-58.53450790732154, 13, 46705, 2369
-79.40966931582516, 13, 46718, 2370
-88.61809599019907, 12, 46730, 2371
-57.010484510942945, 14, 46744, 2372
-72.84881746430202, 10, 46754, 2373
-65.28365225256508, 9, 46763, 2374
-57.096802193799974, 10, 46773, 2375
-52.388844231363905, 14, 46787, 2376
-61.80963693948236, 10, 46797, 2377
-74.64192197648913, 11, 46808, 2378
-71.82139872124104, 11, 46819, 2379
-59.391649505350586, 11, 46830, 2380
-67.27942013116824, 9, 46839, 2381
-63.88971702081008, 8, 46847, 2382
-62.42946711300917, 12, 46859, 2383
-77.90647578804439, 9, 46868, 2384
-55.6878808322552, 10, 46878, 2385
-90.76276083515921, 15, 46893, 2386
-77.32927534020675, 12, 46905, 2387
-77.73842184486504, 10, 46915, 2388
-71.5776539656099, 13, 46928, 2389
-86.58448577171534, 13, 46941, 2390
-65.65561816510233, 10, 46951, 2391
-71.07777518674403, 11, 46962, 2392
-83.29639718574114, 11, 46973, 2393
-57.34800719190069, 10, 46983, 2394
-64.78952415353746, 9, 46992, 2395
-71.0638159681843, 10, 47002, 2396
-59.0742053499023, 9, 47011, 2397
-55.44585219579105, 10, 47021, 2398
-59.220934311374975, 9, 47030, 2399
-75.83348387853576, 9, 47039, 2400
-78.11640371193562, 10, 47049, 2401
-52.80889020064926, 9, 47058, 2402
-86.01242925551844, 10, 47068, 2403
-54.87525967490669, 10, 47078, 2404
-74.23619444344013, 9, 47087, 2405
-72.19316072971274, 9, 47096, 2406
-68.25833441021608, 9, 47105, 2407
-64.4574463473139, 9, 47114, 2408
-81.51479197728754, 10, 47124, 2409
-78.19790984802786, 9, 47133, 2410
-54.30261783110318, 9, 47142, 2411
-82.73613299783825, 9, 47151, 2412
-71.17513525369411, 10, 47161, 2413
-52.20179690088784, 9, 47170, 2414
-55.93247831546911, 12, 47182, 2415
-72.02897812422414, 10, 47192, 2416
-75.59967039410935, 9, 47201, 2417
-72.70362044650824, 11, 47212, 2418
-65.98710628904229, 10, 47222, 2419
-75.14631549461008, 12, 47234, 2420
-66.64190589172357, 12, 47246, 2421
-61.62471294307615, 10, 47256, 2422
-83.7605239790706, 13, 47269, 2423
-55.311980563161995, 12, 47281, 2424
-77.85922589826882, 11, 47292, 2425
-70.89440331146385, 10, 47302, 2426
-70.01500060076879, 9, 47311, 2427
-55.58079731565229, 9, 47320, 2428
-59.60277432817065, 12, 47332, 2429
-68.91445536281019, 12, 47344, 2430
-54.298725320367254, 9, 47353, 2431
-84.38463322729412, 11, 47364, 2432
-86.98223941478055, 11, 47375, 2433
-55.13726810127565, 10, 47385, 2434
-68.25017304761765, 8, 47393, 2435
-78.69786355456476, 10, 47403, 2436
-75.97792409516885, 9, 47412, 2437
-74.9548823685862, 10, 47422, 2438
-87.45553475798772, 10, 47432, 2439
-75.11165093938786, 9, 47441, 2440
-60.35116051644806, 11, 47452, 2441
-64.99980793456771, 10, 47462, 2442
-68.17401266182323, 10, 47472, 2443
-74.60966344903206, 12, 47484, 2444
-89.76539504213733, 13, 47497, 2445
-65.69732721380412, 8, 47505, 2446
-75.84288245138055, 10, 47515, 2447
-72.87695816044426, 10, 47525, 2448
-74.82251845794387, 11, 47536, 2449
-49.98871543919549, 9, 47545, 2450
-61.82389458725652, 12, 47557, 2451
-71.76879863021746, 13, 47570, 2452
-55.98632942042883, 9, 47579, 2453
-59.39627160543303, 10, 47589, 2454
-63.493846166043326, 15, 47604, 2455
-81.2180108678033, 13, 47617, 2456
-64.91867270597183, 11, 47628, 2457
-48.79589312786344, 12, 47640, 2458
-54.794051037874425, 13, 47653, 2459
-72.35733786455853, 11, 47664, 2460
-58.24116530705808, 12, 47676, 2461
-54.28661801673712, 9, 47685, 2462
-73.0105295257934, 11, 47696, 2463
-71.4721854520932, 12, 47708, 2464
-68.15727341986275, 10, 47718, 2465
-72.64023447480717, 11, 47729, 2466
-74.4311315377248, 11, 47740, 2467
-64.37591695821588, 9, 47749, 2468
-76.55556487284798, 10, 47759, 2469
-61.42657122836788, 12, 47771, 2470
-71.38178707864903, 11, 47782, 2471
-59.93714621450145, 9, 47791, 2472
-80.41009610255088, 10, 47801, 2473
-52.65018170719472, 8, 47809, 2474
-79.56430597682555, 10, 47819, 2475
-65.14177794227173, 11, 47830, 2476
-76.26104678977704, 13, 47843, 2477
-57.95734928114278, 11, 47854, 2478
-73.96767587844515, 10, 47864, 2479
-75.11119095824071, 9, 47873, 2480
-68.02502411103532, 9, 47882, 2481
-76.53643090076493, 13, 47895, 2482
-63.43491024824026, 10, 47905, 2483
-67.42779950980406, 11, 47916, 2484
-55.348193962366494, 8, 47924, 2485
-50.69879143666185, 9, 47933, 2486
-70.31577987688955, 10, 47943, 2487
-85.87159036874034, 10, 47953, 2488
-60.99820917984843, 13, 47966, 2489
-69.14810407007216, 13, 47979, 2490
-79.69765009368281, 10, 47989, 2491
-86.1853765549121, 13, 48002, 2492
-88.26039478117231, 17, 48019, 2493
-55.648625368623144, 15, 48034, 2494
-74.05894290079708, 14, 48048, 2495
-59.543327663618584, 10, 48058, 2496
-52.93911289702024, 10, 48068, 2497
-65.51962403417072, 16, 48084, 2498
-57.45848043806035, 9, 48093, 2499
-71.76122731848757, 15, 48108, 2500
-60.6951413416153, 12, 48120, 2501
-85.27751454446246, 15, 48135, 2502
-72.5180168952403, 13, 48148, 2503
-73.59545987123212, 13, 48161, 2504
-76.79362220187883, 15, 48176, 2505
-81.4943614727693, 11, 48187, 2506
-67.85286864143465, 17, 48204, 2507
-69.21992717558538, 17, 48221, 2508
-49.7700672941523, 11, 48232, 2509
-54.46656860088197, 13, 48245, 2510
-62.387720923124306, 14, 48259, 2511
-58.6179611357295, 12, 48271, 2512
-79.5729701931527, 13, 48284, 2513
-57.847098067801, 12, 48296, 2514
-52.714131521868524, 16, 48312, 2515
-48.57423264421037, 13, 48325, 2516
-51.02643659689413, 10, 48335, 2517
-51.435849578576764, 11, 48346, 2518
-53.4492339215889, 14, 48360, 2519
-72.0822240157947, 19, 48379, 2520
-71.55358834882428, 12, 48391, 2521
-68.39698358262858, 10, 48401, 2522
-64.57596571032063, 22, 48423, 2523
-97.61761585796144, 17, 48440, 2524
-54.487964258983155, 12, 48452, 2525
-92.97589117976457, 31, 48483, 2526
-51.921772148166454, 17, 48500, 2527
-51.79460401908507, 22, 48522, 2528
-59.02723116014805, 8, 48530, 2529
-64.50910076579724, 10, 48540, 2530
-79.55881104855706, 14, 48554, 2531
-54.98928664314512, 12, 48566, 2532
-73.72202034141878, 14, 48580, 2533
-74.62942838150042, 15, 48595, 2534
-83.74300578909917, 30, 48625, 2535
-77.5438501689063, 13, 48638, 2536
-58.99667833010341, 23, 48661, 2537
-45.65226163243409, 17, 48678, 2538
-69.66366628786709, 10, 48688, 2539
-77.64604907055599, 18, 48706, 2540
-58.224218393303175, 11, 48717, 2541
-71.61924392147696, 18, 48735, 2542
-85.60474256580932, 35, 48770, 2543
-57.63846583860925, 13, 48783, 2544
-62.83811888926614, 26, 48809, 2545
-102.84281384319151, 28, 48837, 2546
-70.05501768713678, 20, 48857, 2547
-80.35478483090735, 15, 48872, 2548
-43.93757217072498, 13, 48885, 2549
-62.3570324909015, 15, 48900, 2550
-52.744901084911504, 16, 48916, 2551
-62.34501937586472, 9, 48925, 2552
-63.002995755195315, 14, 48939, 2553
-55.01147348296989, 17, 48956, 2554
-43.24389197170248, 11, 48967, 2555
-44.68712727842721, 18, 48985, 2556
-52.78256413610585, 17, 49002, 2557
-61.89198295627506, 38, 49040, 2558
-60.7135991117854, 19, 49059, 2559
-50.74010772871809, 22, 49081, 2560
-66.44999262383934, 21, 49102, 2561
-92.57550298059911, 39, 49141, 2562
-47.70808564470592, 18, 49159, 2563
-71.61076495129535, 12, 49171, 2564
-65.3911584137608, 13, 49184, 2565
-47.185591677688805, 10, 49194, 2566
-56.634979688010176, 15, 49209, 2567
-84.0968778807666, 17, 49226, 2568
-85.70374067903558, 31, 49257, 2569
-70.69879057699076, 13, 49270, 2570
-50.48489777092172, 13, 49283, 2571
-55.834806971458875, 14, 49297, 2572
-52.4933318447502, 17, 49314, 2573
-64.36321412789773, 9, 49323, 2574
-52.74709375422049, 19, 49342, 2575
-46.631614667359784, 19, 49361, 2576
-59.01676502537619, 14, 49375, 2577
-70.03738980420671, 15, 49390, 2578
-66.38250688882273, 12, 49402, 2579
-82.81302540324575, 28, 49430, 2580
-70.2885291887376, 22, 49452, 2581
-53.24700550608078, 14, 49466, 2582
-85.65816623097916, 23, 49489, 2583
-52.54590146806521, 13, 49502, 2584
-63.7185950759055, 26, 49528, 2585
-64.48278327289152, 12, 49540, 2586
-56.69775980226284, 12, 49552, 2587
-45.34278677902286, 16, 49568, 2588
-51.774978071122604, 13, 49581, 2589
-44.16684910659512, 17, 49598, 2590
-49.08012780850939, 16, 49614, 2591
-67.24142583324571, 16, 49630, 2592
-56.72769500010162, 11, 49641, 2593
-55.32203631068221, 15, 49656, 2594
-89.33444794806817, 24, 49680, 2595
-41.7612999469079, 10, 49690, 2596
-82.27194658678968, 19, 49709, 2597
-58.4525213302976, 9, 49718, 2598
-51.079098220903916, 12, 49730, 2599
-56.90105760681675, 12, 49742, 2600
-39.978167518859564, 12, 49754, 2601
-53.20762857879039, 15, 49769, 2602
-39.15514522189497, 11, 49780, 2603
-45.79165176712195, 10, 49790, 2604
-50.41759798465357, 15, 49805, 2605
-58.522973165320025, 14, 49819, 2606
-87.18019932497896, 32, 49851, 2607
-63.45791813499446, 13, 49864, 2608
-81.4948398100173, 11, 49875, 2609
-62.15511247394531, 13, 49888, 2610
-71.14651137036233, 10, 49898, 2611
-60.34276745695166, 17, 49915, 2612
-66.0436800293867, 14, 49929, 2613
-81.97303722995741, 10, 49939, 2614
-66.08194733565568, 19, 49958, 2615
-59.23372623121878, 20, 49978, 2616
-49.10800031323468, 14, 49992, 2617
-52.2013985475526, 13, 50005, 2618
-52.63965684118645, 15, 50020, 2619
-55.586352664767986, 12, 50032, 2620
-75.11777929178052, 16, 50048, 2621
-46.710475996993566, 16, 50064, 2622
-62.21323316640479, 12, 50076, 2623
-60.478485898434045, 15, 50091, 2624
-78.95011864016524, 28, 50119, 2625
-53.418018202739646, 18, 50137, 2626
-59.53204608092079, 16, 50153, 2627
-111.81401980379249, 16, 50169, 2628
-92.78593248351257, 25, 50194, 2629
-101.06747541121543, 35, 50229, 2630
-94.75339224980466, 34, 50263, 2631
-59.80033378755991, 15, 50278, 2632
-54.49373545472291, 15, 50293, 2633
-76.46097754999921, 25, 50318, 2634
-42.988995399455234, 16, 50334, 2635
-55.37640268027047, 18, 50352, 2636
-50.28644733462812, 16, 50368, 2637
-41.07009604713902, 17, 50385, 2638
-64.84365293085183, 15, 50400, 2639
-76.93371001412046, 23, 50423, 2640
-50.466850268451395, 13, 50436, 2641
-52.61237742565491, 11, 50447, 2642
-64.44898324461342, 13, 50460, 2643
-59.371005260034906, 15, 50475, 2644
-47.127528697399725, 16, 50491, 2645
-64.22072023461915, 14, 50505, 2646
-73.7499523584421, 26, 50531, 2647
-87.0636490444516, 23, 50554, 2648
-43.565789077055115, 11, 50565, 2649
-83.71025748846975, 35, 50600, 2650
-52.7060222329267, 25, 50625, 2651
-85.4604484786828, 20, 50645, 2652
-57.554273930673645, 14, 50659, 2653
-48.81482844265257, 19, 50678, 2654
-47.89614174382095, 13, 50691, 2655
-68.37806963398386, 26, 50717, 2656
-76.55370111855042, 19, 50736, 2657
-56.993633334895506, 12, 50748, 2658
-59.29971318719289, 13, 50761, 2659
-53.63500379433269, 11, 50772, 2660
-72.8995426856276, 16, 50788, 2661
-66.17183861436835, 15, 50803, 2662
-66.6559337689452, 23, 50826, 2663
-73.13254345195169, 18, 50844, 2664
-52.78730782978947, 20, 50864, 2665
-54.145730980335216, 17, 50881, 2666
-57.864550004148825, 12, 50893, 2667
-50.3413923128285, 15, 50908, 2668
-78.08283754007135, 21, 50929, 2669
-63.265227452835404, 18, 50947, 2670
-81.92202553125732, 24, 50971, 2671
-59.8986978612691, 16, 50987, 2672
-54.167284418921184, 15, 51002, 2673
-49.585989774087125, 13, 51015, 2674
-62.8608897964758, 19, 51034, 2675
-52.35179959654836, 14, 51048, 2676
-43.46370034360099, 15, 51063, 2677
-56.25013220681247, 13, 51076, 2678
-67.3174357103121, 17, 51093, 2679
-79.01031658846115, 15, 51108, 2680
-74.54343651648294, 16, 51124, 2681
-46.295039555142736, 16, 51140, 2682
-86.10323274808415, 29, 51169, 2683
-56.551119261143796, 17, 51186, 2684
-63.33659467518778, 14, 51200, 2685
-107.58604921338552, 28, 51228, 2686
-71.06201472931062, 13, 51241, 2687
-82.4661441717987, 41, 51282, 2688
-61.81801381806544, 25, 51307, 2689
-53.86496961292487, 16, 51323, 2690
-104.62021437537601, 26, 51349, 2691
-61.0751406934758, 16, 51365, 2692
-40.922275597720414, 13, 51378, 2693
-72.63963184526197, 14, 51392, 2694
-56.15226946845205, 18, 51410, 2695
-48.8194362173504, 15, 51425, 2696
-57.08971521148207, 16, 51441, 2697
-66.70438567930432, 15, 51456, 2698
-57.918184104395465, 12, 51468, 2699
-71.16711975037141, 14, 51482, 2700
-71.47124378485103, 9, 51491, 2701
-48.505514995831476, 18, 51509, 2702
-87.31828291971901, 22, 51531, 2703
-74.58710479555016, 10, 51541, 2704
-48.56158712950709, 14, 51555, 2705
-99.30981468903227, 18, 51573, 2706
-68.6849074485631, 11, 51584, 2707
-74.4475805586341, 12, 51596, 2708
-92.85398953003082, 34, 51630, 2709
-64.10381170335206, 14, 51644, 2710
-87.47457439155234, 36, 51680, 2711
-53.007254100581136, 12, 51692, 2712
-82.54089838962692, 11, 51703, 2713
-51.99839471533757, 17, 51720, 2714
-49.28179027644205, 18, 51738, 2715
-90.34800713384804, 34, 51772, 2716
-49.647185199950385, 12, 51784, 2717
-77.11469019647232, 22, 51806, 2718
-83.28554333153463, 19, 51825, 2719
-75.33456134485, 22, 51847, 2720
-74.49383743819418, 36, 51883, 2721
-87.10521911237784, 12, 51895, 2722
-49.12733842085842, 11, 51906, 2723
-69.31743980136169, 68, 51974, 2724
-75.82301642225296, 12, 51986, 2725
-93.78970585066043, 46, 52032, 2726
-55.39310441508903, 10, 52042, 2727
-69.05267956017497, 11, 52053, 2728
-67.83458506727982, 10, 52063, 2729
-79.49982348928351, 11, 52074, 2730
-65.56870697534592, 12, 52086, 2731
-60.3723805584967, 10, 52096, 2732
-88.6586022428748, 12, 52108, 2733
-54.000352579063176, 13, 52121, 2734
-85.28185547612878, 29, 52150, 2735
-105.32642299062076, 42, 52192, 2736
-88.15526317171617, 26, 52218, 2737
-111.13968011619846, 26, 52244, 2738
-89.79848286201289, 34, 52278, 2739
-89.43666792162034, 24, 52302, 2740
-82.02068349352146, 24, 52326, 2741
-84.12790745041178, 24, 52350, 2742
-85.76594677832766, 14, 52364, 2743
-58.88451723379845, 33, 52397, 2744
-77.2908990005785, 23, 52420, 2745
-103.58037664564016, 27, 52447, 2746
-69.51536691142238, 27, 52474, 2747
-70.41753044900183, 7, 52481, 2748
-58.92742049815418, 6, 52487, 2749
-44.7385650309095, 4, 52491, 2750
-63.89288981533987, 6, 52497, 2751
-67.7341854534103, 5, 52502, 2752
-49.886338549667286, 5, 52507, 2753
-75.10717899044465, 7, 52514, 2754
-48.307502026711475, 13, 52527, 2755
-57.72782650317211, 5, 52532, 2756
-76.20845312961379, 12, 52544, 2757
-60.50138668310069, 10, 52554, 2758
-48.307849514728005, 18, 52572, 2759
-83.69260843797079, 6, 52578, 2760
-67.1439261216522, 20, 52598, 2761
-79.62103348698392, 11, 52609, 2762
-65.06190731948415, 16, 52625, 2763
-52.955029903350095, 7, 52632, 2764
-65.27686518645602, 25, 52657, 2765
-93.01671408450702, 20, 52677, 2766
-51.21528792120415, 21, 52698, 2767
-46.11435524834157, 11, 52709, 2768
-80.97774532678649, 14, 52723, 2769
-67.33290456103674, 24, 52747, 2770
-37.896388507881156, 10, 52757, 2771
-42.23527587239744, 11, 52768, 2772
-58.41417698320036, 10, 52778, 2773
-54.18579664997381, 10, 52788, 2774
-50.703791206368294, 8, 52796, 2775
-61.03452858264198, 11, 52807, 2776
-53.234855492642055, 9, 52816, 2777
-50.40819117703904, 9, 52825, 2778
-61.09041622884476, 9, 52834, 2779
-59.31952238449213, 11, 52845, 2780
-49.87608513837799, 10, 52855, 2781
-55.044477460927226, 9, 52864, 2782
-52.454307900323656, 12, 52876, 2783
-63.503896633301196, 15, 52891, 2784
-59.10446284806916, 16, 52907, 2785
-84.37694398189272, 18, 52925, 2786
-66.1758254048965, 18, 52943, 2787
-54.968053693621286, 14, 52957, 2788
-45.39257652004224, 14, 52971, 2789
-63.036597042936364, 17, 52988, 2790
-47.75701935795453, 17, 53005, 2791
-72.67754461882014, 18, 53023, 2792
-54.26187077041163, 25, 53048, 2793
-55.83947810322428, 23, 53071, 2794
-139.79615981061846, 37, 53108, 2795
-142.5262046106937, 19, 53127, 2796
