-87.50128256043416
-173.2057822597897
-85.65609188106257
-279.6213667438633
-354.18505123610265
-275.2612581527877
-325.5337360103107
-31.88025801168863
-156.864697759222
202.16861612319528
39.90131665736075
-302.3206165363691
-237.4644875808102
-47.55082841151787
-259.57413109144755
-153.70654971316713
-288.1454439051166
-72.610955418458
-30.340728107305655
-55.506718738277485
-152.73761929065742
-134.0361129101245
-190.37754835587737
-89.83196005548004
-162.6320518152893
-87.0278223446366
101.73226094776305
-111.35217652496328
-118.20128789982702
407.8139362819911
-354.20016854544457
147.12701510209942
-23.30180744396015
763.0270742410661
1150.0150565955853
1257.9008988888643
1218.0801087331154
495.349858215793
1335.7124229026301
-62.18111738743403
1120.2360872583802
543.0561544232359
1646.1931838584621
599.4239299393968
-254.41115782326074
401.471404716213
1577.4063517395857
2000.1201844113125
1602.5307143324585
2667.346052541318
-300.5100814872303
396.551834583667
1730.2632966012507
1446.568681494914
1323.405974744988
1692.0298353340793
1622.8397599084683
1870.523416212484
1534.0383945556077
1848.41142818698
2064.4268613956247
2079.988850258385
1992.708134741813
1929.4264222147376
674.0279823411472
1618.7610223730678
1636.1234467681413
1554.7985148848995
1396.519800513911
1564.8069288757076
1576.8711654883396
1900.0087495352423
1802.36805208652
555.7656835201299
1044.576631908431
1336.896032586111
1182.3358761101658
1320.4147470316664
510.2865858731524
708.6170638929157
829.618415333484
927.0765760851612
1714.6204599376097
1478.5335987520211
1372.5940733819084
1597.9446721253216
1522.6038230174129
1508.5037817424093
1391.6023761594115
350.5330085233018
1033.5150467059254
1363.0347132122308
1167.1187884424792
1328.0537213377997
1834.8101399709283
1665.3940883528546
1189.0397162420516
1683.8423654568976
1820.2555736618012
1670.470858291413
1493.181229256258
1513.3422477181625
1713.9620993647998
1624.814949129162
1472.8980181494924
1581.0438017766987
836.7249642124078
884.7752703108091
2373.4767855896685
2265.58037397256
2391.6030051539797
2253.256841872637
2571.1093924597
832.9657532495506
2489.903713487607
1983.5889847878288
1603.032131389296
1543.881030954761
1763.712001546807
2168.5423097043717
1415.7634593529617
1677.185013037713
430.1390753194075
1428.821861043304
2031.0566973362445
2060.930333314406
2186.5189607847724
2172.1989374398763
1290.28087352148
848.2567116249045
1084.9134172837823
720.462653950485
996.4257464013771
2436.436872804163
1754.2502458222393
1850.1385041294443
2185.316698403356
2093.9514916308212
2136.334311856889
2284.55756841996
2049.5836444879606
2319.5563563659134
2011.1998287974397
2162.7677890944215
1820.5089396279707
2049.5507365010885
2403.1024594938335
2271.1983309711222
2481.5379245463655
2250.614107791327
1402.0875833506072
1954.2503460558758
2342.0679142032823
2323.3145769064663
2496.9646491111166
2380.342662360604
2363.02804976519
2514.9938837974146
2098.1938736166344
2403.4772256207702
2346.1890576900705
1543.9408305413585
2390.4059322629205
2516.096728037887
2485.968664408723
2382.7528854578673
2608.27905278893
2776.2262954954012
2414.6626050957107
2479.784177219792
2848.4144196949787
2667.286657986182
3080.082815336829
2893.9004265468325
2553.170809334353
2973.9297141890243
2033.1250940294208
2296.312540508749
2716.1413659574955
127.17589479557857
1096.0912689488487
305.6366291688021
-57.76401864129862
1561.2082192989942
-354.9555020129632
2581.378763409041
2231.3714114179215
2412.294457795165
2801.8278444258444
2393.200441908651
1344.7111228190608
2911.8863913385303
3127.5504091360467
2959.8754767510586
3096.3725789348177
2401.031804084977
2585.6394967101896
2758.0668024523397
2550.576926216614
2009.6759814067225
